{"currentFrameRate":43.698,"gestures":[],"hands":[{"direction":[-0.231449,0.608558,-0.759005],"id":69,"palmNormal":[0.0110484,-0.778494,-0.627554],"palmPosition":[-0.432727,89.6113,26.331],"palmVelocity":[-3.14659,6.67146,-1.51513],"r":[[0.985644,-0.12835,0.109694],[0.130348,0.991405,-0.0112114],[-0.107312,0.0253489,0.993902]],"s":1.31625,"sphereCenter":[0.729131,13.9552,-48.2743],"sphereRadius":119.295,"stabilizedPalmPosition":[-1.74056,89.1447,26.24],"t":[-59.5208,-6.41763,-1.52672],"timeVisible":4.54326}],"id":151663,"interactionBox":{"center":[0,200,0],"size":[221.418,221.418,154.742]},"pointables":[{"direction":[-0.268418,-0.0177045,-0.96314],"handId":69,"id":26,"length":67.4997,"stabilizedTipPosition":[-38.4818,128.907,-60.3678],"timeVisible":4.51722,"tipPosition":[-38.5832,128.828,-60.017],"tipVelocity":[-3.69874,4.73691,2.92275],"tool":false,"touchDistance":0.309852,"touchZone":"hovering"},{"direction":[-0.141032,0.162422,-0.976591],"handId":69,"id":65,"length":66.1571,"stabilizedTipPosition":[1.23929,130.947,-56.5442],"timeVisible":4.66572,"tipPosition":[1.47084,130.993,-56.5776],"tipVelocity":[-3.33407,3.2488,3.2863],"tool":false,"touchDistance":0.303673,"touchZone":"hovering"},{"direction":[-0.223762,-0.0777222,-0.97154],"handId":69,"id":44,"length":55.9405,"stabilizedTipPosition":[-55.6663,119.283,-49.9678],"timeVisible":4.54326,"tipPosition":[-55.0455,118.962,-49.7901],"tipVelocity":[-3.8089,4.01417,2.72371],"tool":false,"touchDistance":0.244757,"touchZone":"hovering"},{"direction":[-0.55364,0.0942128,-0.82741],"handId":69,"id":4,"length":48.3524,"stabilizedTipPosition":[-79.7388,101.472,-20.1678],"timeVisible":4.64784,"tipPosition":[-78.3706,101.496,-20.1395],"tipVelocity":[-0.230295,3.21981,5.78842],"tool":false,"touchDistance":0.155062,"touchZone":"hovering"},{"direction":[0.583678,0.33095,-0.74148],"handId":69,"id":72,"length":37.3918,"stabilizedTipPosition":[76.0504,96.4514,5.04205],"timeVisible":4.62143,"tipPosition":[76.8336,96.3352,5.22815],"tipVelocity":[-0.280922,2.47929,-5.21031],"tool":false,"touchDistance":0.309819,"touchZone":"hovering"}],"r":[[0.87599,-0.269047,0.400319],[-0.112029,-0.920766,-0.373684],[0.469138,0.282496,-0.836723]],"s":-79.869,"t":[1211.58,-9697.13,-200.951],"timestamp":22654359244}
{"currentFrameRate":43.4131,"gestures":[],"hands":[{"direction":[-0.231317,0.608989,-0.758699],"id":69,"palmNormal":[0.0110792,-0.778151,-0.62798],"palmPosition":[-0.481033,89.8216,26.2475],"palmVelocity":[-2.06565,8.99354,-3.57414],"r":[[0.985606,-0.128135,0.110286],[0.130157,0.991429,-0.0113073],[-0.107892,0.0254991,0.993836]],"s":1.31617,"sphereCenter":[0.720627,13.8698,-48.3092],"sphereRadius":119.41,"stabilizedPalmPosition":[-1.72665,89.1522,26.2401],"t":[-59.5736,-6.29443,-1.47849],"timeVisible":4.56664}],"id":151664,"interactionBox":{"center":[0,200,0],"size":[221.418,221.418,154.742]},"pointables":[{"direction":[-0.268491,-0.0182707,-0.963109],"handId":69,"id":26,"length":67.5168,"stabilizedTipPosition":[-38.4839,128.908,-60.3619],"timeVisible":4.54061,"tipPosition":[-38.6483,128.942,-59.906],"tipVelocity":[-2.06015,3.72522,3.78786],"tool":false,"touchDistance":0.311703,"touchZone":"hovering"},{"direction":[-0.141091,0.162386,-0.976588],"handId":69,"id":65,"length":66.1721,"stabilizedTipPosition":[1.24081,130.949,-56.5439],"timeVisible":4.68911,"tipPosition":[1.37361,131.097,-56.5196],"tipVelocity":[-3.28902,3.33228,1.92344],"tool":false,"touchDistance":0.30464,"touchZone":"hovering"},{"direction":[-0.223806,-0.0779762,-0.97151],"handId":69,"id":44,"length":55.975,"stabilizedTipPosition":[-55.6574,119.28,-49.9639],"timeVisible":4.56664,"tipPosition":[-55.1329,119.128,-49.7352],"tipVelocity":[-2.92495,5.73224,1.86298],"tool":false,"touchDistance":0.245672,"touchZone":"hovering"},{"direction":[-0.554079,0.0945667,-0.827076],"handId":69,"id":4,"length":48.3417,"stabilizedTipPosition":[-79.7306,101.473,-20.1673],"timeVisible":4.67122,"tipPosition":[-78.4943,101.659,-20.0913],"tipVelocity":[-3.95299,5.51936,1.61379],"tool":false,"touchDistance":0.155866,"touchZone":"hovering"},{"direction":[0.584003,0.330545,-0.741404],"handId":69,"id":72,"length":37.392,"stabilizedTipPosition":[76.0625,96.4515,5.04341],"timeVisible":4.64482,"tipPosition":[76.836,96.4565,5.13064],"tipVelocity":[0.54918,3.62548,-3.75296],"tool":false,"touchDistance":0.308194,"touchZone":"hovering"}],"r":[[0.876248,-0.269065,0.399741],[-0.112242,-0.920732,-0.373704],[0.468605,0.282589,-0.83699]],"s":-79.8691,"t":[1211.53,-9697.01,-200.903],"timestamp":22654382629}
{"currentFrameRate":43.2865,"gestures":[],"hands":[{"direction":[-0.231187,0.609084,-0.758663],"id":69,"palmNormal":[0.0109754,-0.778106,-0.628037],"palmPosition":[-0.506629,89.9349,26.3987],"palmVelocity":[-1.10048,4.87215,6.5025],"r":[[0.985537,-0.128017,0.111037],[0.130071,0.991439,-0.0114212],[-0.108625,0.0256987,0.993751]],"s":1.31605,"sphereCenter":[0.598638,13.8939,-48.2598],"sphereRadius":119.421,"stabilizedPalmPosition":[-1.71347,89.1606,26.2418],"t":[-59.6231,-6.14757,-1.44126],"timeVisible":4.5899}],"id":151665,"interactionBox":{"center":[0,200,0],"size":[221.418,221.418,154.742]},"pointables":[{"direction":[-0.268556,-0.0185029,-0.963086],"handId":69,"id":26,"length":67.4972,"stabilizedTipPosition":[-38.4868,128.91,-60.3555],"timeVisible":4.56386,"tipPosition":[-38.7231,129.075,-59.8336],"tipVelocity":[-2.50863,4.47986,2.46261],"tool":false,"touchDistance":0.31291,"touchZone":"hovering"},{"direction":[-0.141168,0.162737,-0.976518],"handId":69,"id":65,"length":66.1798,"stabilizedTipPosition":[1.2414,130.952,-56.5426],"timeVisible":4.71237,"tipPosition":[1.29417,131.283,-56.4259],"tipVelocity":[-2.76369,6.4214,3.25816],"tool":false,"touchDistance":0.306201,"touchZone":"hovering"},{"direction":[-0.224172,-0.07755,-0.971459],"handId":69,"id":44,"length":55.9639,"stabilizedTipPosition":[-55.6503,119.281,-49.9594],"timeVisible":4.5899,"tipPosition":[-55.2216,119.317,-49.6897],"tipVelocity":[-3.0878,6.67087,1.57637],"tool":false,"touchDistance":0.24643,"touchZone":"hovering"},{"direction":[-0.55408,0.0950371,-0.827021],"handId":69,"id":4,"length":48.3468,"stabilizedTipPosition":[-79.7229,101.476,-20.1662],"timeVisible":4.69448,"tipPosition":[-78.5476,101.832,-19.9985],"tipVelocity":[-1.57669,5.87493,3.19763],"tool":false,"touchDistance":0.157411,"touchZone":"hovering"},{"direction":[0.584023,0.329954,-0.741651],"handId":69,"id":72,"length":37.3781,"stabilizedTipPosition":[76.0742,96.4539,5.0429],"timeVisible":4.66808,"tipPosition":[76.8366,96.6107,5.00998],"tipVelocity":[0.399656,4.82608,-4.5553],"tool":false,"touchDistance":0.306183,"touchZone":"hovering"}],"r":[[0.876592,-0.268943,0.39907],[-0.112379,-0.920734,-0.373657],[0.46793,0.282698,-0.837331]],"s":-79.8692,"t":[1211.48,-9696.86,-200.866],"timestamp":22654405888}
{"currentFrameRate":43.0644,"gestures":[],"hands":[{"direction":[-0.230852,0.608934,-0.758885],"id":69,"palmNormal":[0.0101164,-0.778408,-0.627677],"palmPosition":[-0.555401,90.0141,26.6203],"palmVelocity":[-2.07552,3.36747,9.42816],"r":[[0.985531,-0.12773,0.111419],[0.129804,0.991473,-0.0115315],[-0.108995,0.0258272,0.993707]],"s":1.31591,"sphereCenter":[0.428889,13.9575,-48.2168],"sphereRadius":119.406,"stabilizedPalmPosition":[-1.7012,89.1697,26.2458],"t":[-59.6949,-5.97427,-1.25159],"timeVisible":4.6134}],"id":151666,"interactionBox":{"center":[0,200,0],"size":[221.418,221.418,154.742]},"pointables":[{"direction":[-0.26856,-0.018448,-0.963086],"handId":69,"id":26,"length":67.5021,"stabilizedTipPosition":[-38.4907,128.914,-60.3481],"timeVisible":4.58736,"tipPosition":[-38.8119,129.271,-59.7409],"tipVelocity":[-3.06982,6.78485,3.22333],"tool":false,"touchDistance":0.314454,"touchZone":"hovering"},{"direction":[-0.141315,0.162834,-0.976481],"handId":69,"id":65,"length":66.1622,"stabilizedTipPosition":[1.24109,130.958,-56.539],"timeVisible":4.73587,"tipPosition":[1.21285,131.473,-56.2068],"tipVelocity":[-2.91552,6.67482,7.82735],"tool":false,"touchDistance":0.309854,"touchZone":"hovering"},{"direction":[-0.224083,-0.0779799,-0.971445],"handId":69,"id":44,"length":55.9577,"stabilizedTipPosition":[-55.6444,119.285,-49.9516],"timeVisible":4.6134,"tipPosition":[-55.2946,119.522,-49.4853],"tipVelocity":[-2.60036,7.38297,7.30502],"tool":false,"touchDistance":0.249838,"touchZone":"hovering"},{"direction":[-0.553984,0.0950723,-0.827081],"handId":69,"id":4,"length":48.3742,"stabilizedTipPosition":[-79.7161,101.479,-20.1642],"timeVisible":4.71798,"tipPosition":[-78.6743,102.076,-19.8542],"tipVelocity":[-4.22501,8.46039,5.01862],"tool":false,"touchDistance":0.159816,"touchZone":"hovering"},{"direction":[0.584187,0.329743,-0.741616],"handId":69,"id":72,"length":37.3619,"stabilizedTipPosition":[76.0842,96.4587,5.04331],"timeVisible":4.69158,"tipPosition":[76.739,96.7763,5.07013],"tipVelocity":[-3.05966,5.28066,1.70986],"tool":false,"touchDistance":0.307185,"touchZone":"hovering"}],"r":[[0.876741,-0.269092,0.398641],[-0.112662,-0.920681,-0.373702],[0.467581,0.282729,-0.837515]],"s":-79.8693,"t":[1211.4,-9696.68,-200.676],"timestamp":22654429387}
{"currentFrameRate":42.6092,"gestures":[],"hands":[{"direction":[-0.230604,0.608779,-0.759085],"id":69,"palmNormal":[0.00955145,-0.778657,-0.627377],"palmPosition":[-0.689313,90.1865,26.67],"palmVelocity":[-5.56852,7.17028,2.06803],"r":[[0.985429,-0.127712,0.112337],[0.129818,0.99147,-0.0116084],[-0.109896,0.0260227,0.993602]],"s":1.31636,"sphereCenter":[0.265417,14.0587,-48.1646],"sphereRadius":119.383,"stabilizedPalmPosition":[-1.69043,89.1805,26.2503],"t":[-59.8463,-5.76991,-1.27748],"timeVisible":4.63745}],"id":151667,"interactionBox":{"center":[0,200,0],"size":[221.418,221.418,154.742]},"pointables":[{"direction":[-0.268565,-0.0191158,-0.963072],"handId":69,"id":26,"length":67.4331,"stabilizedTipPosition":[-38.4965,128.921,-60.3401],"timeVisible":4.61141,"tipPosition":[-38.9701,129.475,-59.6832],"tipVelocity":[-5.51762,7.10478,2.04801],"tool":false,"touchDistance":0.315416,"touchZone":"hovering"},{"direction":[-0.141479,0.162834,-0.976457],"handId":69,"id":65,"length":66.1861,"stabilizedTipPosition":[1.23932,130.966,-56.5354],"timeVisible":4.75991,"tipPosition":[1.07256,131.706,-56.1913],"tipVelocity":[-5.01052,8.20965,0.698437],"tool":false,"touchDistance":0.310113,"touchZone":"hovering"},{"direction":[-0.224437,-0.0773118,-0.971417],"handId":69,"id":44,"length":55.8657,"stabilizedTipPosition":[-55.6413,119.292,-49.9438],"timeVisible":4.63745,"tipPosition":[-55.4572,119.724,-49.4782],"tipVelocity":[-5.75099,7.26138,0.41726],"tool":false,"touchDistance":0.249955,"touchZone":"hovering"},{"direction":[-0.553984,0.0955114,-0.827031],"handId":69,"id":4,"length":48.4101,"stabilizedTipPosition":[-79.711,101.485,-20.1619],"timeVisible":4.74203,"tipPosition":[-78.9485,102.33,-19.8228],"tipVelocity":[-9.31164,8.90053,1.29044],"tool":false,"touchDistance":0.160339,"touchZone":"hovering"},{"direction":[0.584315,0.330432,-0.741209],"handId":69,"id":72,"length":37.4163,"stabilizedTipPosition":[76.0951,96.4675,5.0409],"timeVisible":4.71562,"tipPosition":[76.7985,97.033,4.88543],"tipVelocity":[2.18989,8.41121,-6.53232],"tool":false,"touchDistance":0.304107,"touchZone":"hovering"}],"r":[[0.877174,-0.268826,0.397868],[-0.112694,-0.920705,-0.373635],[0.466762,0.282905,-0.837913]],"s":-79.8689,"t":[1211.25,-9696.48,-200.702],"timestamp":22654453435}
{"currentFrameRate":42.538,"gestures":[],"hands":[{"direction":[-0.230346,0.608862,-0.759097],"id":69,"palmNormal":[0.00888444,-0.778725,-0.627302],"palmPosition":[-0.796772,90.1856,26.8862],"palmVelocity":[-4.55334,-0.0370776,9.16008],"r":[[0.985459,-0.127509,0.112302],[0.129614,0.991497,-0.0116151],[-0.109866,0.0260021,0.993606]],"s":1.31654,"sphereCenter":[0.0352935,14.1796,-48.1221],"sphereRadius":119.322,"stabilizedPalmPosition":[-1.68134,89.1907,26.2568],"t":[-60.0207,-5.6793,-1.15969],"timeVisible":4.66105}],"id":151668,"interactionBox":{"center":[0,200,0],"size":[221.418,221.418,154.742]},"pointables":[{"direction":[-0.268743,-0.0189983,-0.963024],"handId":69,"id":26,"length":67.4397,"stabilizedTipPosition":[-38.5044,128.929,-60.3325],"timeVisible":4.63501,"tipPosition":[-39.1775,129.621,-59.6866],"tipVelocity":[-7.42295,5.31147,-0.0313561],"tool":false,"touchDistance":0.315359,"touchZone":"hovering"},{"direction":[-0.141699,0.163318,-0.976345],"handId":69,"id":65,"length":66.1983,"stabilizedTipPosition":[1.23595,130.974,-56.5313],"timeVisible":4.78351,"tipPosition":[0.898325,131.83,-56.123],"tipVelocity":[-6.3509,4.54586,2.59737],"tool":false,"touchDistance":0.31125,"touchZone":"hovering"},{"direction":[-0.2246,-0.0772911,-0.971381],"handId":69,"id":44,"length":55.8533,"stabilizedTipPosition":[-55.6412,119.302,-49.9344],"timeVisible":4.66105,"tipPosition":[-55.635,119.897,-49.3551],"tipVelocity":[-6.43647,6.40247,4.5701],"tool":false,"touchDistance":0.252007,"touchZone":"hovering"},{"direction":[-0.553773,0.096014,-0.827114],"handId":69,"id":4,"length":48.423,"stabilizedTipPosition":[-79.7067,101.491,-20.1589],"timeVisible":4.76563,"tipPosition":[-79.039,102.459,-19.6981],"tipVelocity":[-3.2417,4.84018,4.51642],"tool":false,"touchDistance":0.162418,"touchZone":"hovering"},{"direction":[0.584725,0.330986,-0.740638],"handId":69,"id":72,"length":37.4237,"stabilizedTipPosition":[76.1023,96.4773,5.0421],"timeVisible":4.73922,"tipPosition":[76.577,97.1303,5.12189],"tipVelocity":[-7.48954,3.18384,7.84201],"tool":false,"touchDistance":0.308048,"touchZone":"hovering"}],"r":[[0.877135,-0.269026,0.397818],[-0.112867,-0.920644,-0.373731],[0.466792,0.282912,-0.837894]],"s":-79.8687,"t":[1211.08,-9696.39,-200.584],"timestamp":22654477035}
{"currentFrameRate":42.1824,"gestures":[],"hands":[{"direction":[-0.23002,0.608735,-0.759297],"id":69,"palmNormal":[0.00826121,-0.778969,-0.627008],"palmPosition":[-0.932132,90.1936,26.9397],"palmVelocity":[-5.60056,0.331614,2.21465],"r":[[0.98551,-0.127171,0.112239],[0.129277,0.99154,-0.0116597],[-0.109807,0.0260007,0.993613]],"s":1.31641,"sphereCenter":[-0.164838,14.2831,-48.0675],"sphereRadius":119.27,"stabilizedPalmPosition":[-1.67374,89.2009,26.2637],"t":[-60.1891,-5.67254,-1.03627],"timeVisible":4.68522}],"id":151669,"interactionBox":{"center":[0,200,0],"size":[221.418,221.418,154.742]},"pointables":[{"direction":[-0.268928,-0.0190365,-0.962972],"handId":69,"id":26,"length":67.4682,"stabilizedTipPosition":[-38.5142,128.938,-60.3245],"timeVisible":4.65918,"tipPosition":[-39.3631,129.685,-59.6365],"tipVelocity":[-6.69882,2.50542,1.80939],"tool":false,"touchDistance":0.316194,"touchZone":"hovering"},{"direction":[-0.14203,0.163015,-0.976347],"handId":69,"id":65,"length":66.2266,"stabilizedTipPosition":[1.23095,130.983,-56.5264],"timeVisible":4.80768,"tipPosition":[0.720159,131.865,-56.0227],"tipVelocity":[-6.49481,1.45948,3.69143],"tool":false,"touchDistance":0.312923,"touchZone":"hovering"},{"direction":[-0.224896,-0.0771972,-0.97132],"handId":69,"id":44,"length":55.8771,"stabilizedTipPosition":[-55.6442,119.313,-49.9236],"timeVisible":4.68522,"tipPosition":[-55.8265,119.989,-49.2655],"tipVelocity":[-6.93478,3.62268,3.3772],"tool":false,"touchDistance":0.253501,"touchZone":"hovering"},{"direction":[-0.553711,0.0962331,-0.827129],"handId":69,"id":4,"length":48.3765,"stabilizedTipPosition":[-79.7028,101.498,-20.1545],"timeVisible":4.7898,"tipPosition":[-79.0946,102.502,-19.4635],"tipVelocity":[-2.12389,1.9631,8.16165],"tool":false,"touchDistance":0.166328,"touchZone":"hovering"},{"direction":[0.584554,0.33033,-0.741065],"handId":69,"id":72,"length":37.4341,"stabilizedTipPosition":[76.1044,96.4868,5.04671],"timeVisible":4.76339,"tipPosition":[76.2412,97.113,5.35103],"tipVelocity":[-11.3519,-0.547245,7.61358],"tool":false,"touchDistance":0.311867,"touchZone":"hovering"}],"r":[[0.877069,-0.269358,0.397739],[-0.113171,-0.920554,-0.373863],[0.466843,0.282891,-0.837873]],"s":-79.8688,"t":[1210.91,-9696.38,-200.461],"timestamp":22654501204}
{"currentFrameRate":42.0173,"gestures":[],"hands":[{"direction":[-0.229851,0.60856,-0.759489],"id":69,"palmNormal":[0.00817455,-0.779148,-0.626786],"palmPosition":[-1.0265,90.1453,26.9684],"palmVelocity":[-3.92923,-2.01489,1.19529],"r":[[0.985504,-0.127153,0.112315],[0.129255,0.991543,-0.0116111],[-0.109889,0.0259601,0.993605]],"s":1.31633,"sphereCenter":[-0.363305,14.6028,-47.8988],"sphereRadius":118.98,"stabilizedPalmPosition":[-1.66737,89.2102,26.2707],"t":[-60.3368,-5.69008,-1.06757],"timeVisible":4.70923}],"id":151670,"interactionBox":{"center":[0,200,0],"size":[221.418,221.418,154.742]},"pointables":[{"direction":[-0.269628,-0.0178738,-0.962799],"handId":69,"id":26,"length":67.5831,"stabilizedTipPosition":[-38.5256,128.945,-60.3168],"timeVisible":4.6832,"tipPosition":[-39.5301,129.621,-59.6301],"tipVelocity":[-6.18217,-1.81242,0.35063],"tool":false,"touchDistance":0.316302,"touchZone":"hovering"},{"direction":[-0.142333,0.164189,-0.976106],"handId":69,"id":65,"length":66.2416,"stabilizedTipPosition":[1.2245,130.992,-56.522],"timeVisible":4.8317,"tipPosition":[0.538457,131.922,-56.0538],"tipVelocity":[-6.71866,2.29739,-0.88711],"tool":false,"touchDistance":0.312403,"touchZone":"hovering"},{"direction":[-0.225842,-0.0765963,-0.971148],"handId":69,"id":44,"length":55.9963,"stabilizedTipPosition":[-55.6497,119.323,-49.913],"timeVisible":4.70923,"tipPosition":[-55.9954,119.95,-49.2452],"tipVelocity":[-6.26514,-0.876509,0.993069],"tool":false,"touchDistance":0.253839,"touchZone":"hovering"},{"direction":[-0.553957,0.096519,-0.826932],"handId":69,"id":4,"length":48.3748,"stabilizedTipPosition":[-79.6998,101.504,-20.1498],"timeVisible":4.81381,"tipPosition":[-79.2226,102.506,-19.4034],"tipVelocity":[-4.63513,0.733208,2.3528],"tool":false,"touchDistance":0.167331,"touchZone":"hovering"},{"direction":[0.584636,0.330201,-0.741059],"handId":69,"id":72,"length":37.4201,"stabilizedTipPosition":[76.1031,96.4962,5.05211],"timeVisible":4.78741,"tipPosition":[76.0185,97.1305,5.41551],"tipVelocity":[-7.70821,0.685261,2.15178],"tool":false,"touchDistance":0.312942,"touchZone":"hovering"}],"r":[[0.877103,-0.269352,0.397668],[-0.113163,-0.920535,-0.373912],[0.466781,0.282958,-0.837884]],"s":-79.8689,"t":[1210.76,-9696.4,-200.492],"timestamp":22654525221}
{"currentFrameRate":42.1511,"gestures":[],"hands":[{"direction":[-0.229632,0.608431,-0.759658],"id":69,"palmNormal":[0.00744644,-0.779394,-0.626489],"palmPosition":[-1.11471,90.0779,26.9368],"palmVelocity":[-3.74601,-2.85922,-1.34095],"r":[[0.985473,-0.127006,0.112745],[0.12912,0.991561,-0.0116157],[-0.110318,0.0260046,0.993556]],"s":1.3162,"sphereCenter":[-0.310303,14.4629,-47.9749],"sphereRadius":119.174,"stabilizedPalmPosition":[-1.66211,89.2185,26.277],"t":[-60.4308,-5.72261,-1.08264],"timeVisible":4.73278}],"id":151671,"interactionBox":{"center":[0,200,0],"size":[221.418,221.418,154.742]},"pointables":[{"direction":[-0.27047,-0.0163329,-0.96259],"handId":69,"id":26,"length":67.6647,"stabilizedTipPosition":[-38.5376,128.952,-60.3092],"timeVisible":4.70674,"tipPosition":[-39.6451,129.57,-59.6138],"tipVelocity":[-4.5196,-1.41879,0.71231],"tool":false,"touchDistance":0.316573,"touchZone":"hovering"},{"direction":[-0.142446,0.165118,-0.975933],"handId":69,"id":65,"length":66.2583,"stabilizedTipPosition":[1.21735,131,-56.5187],"timeVisible":4.85525,"tipPosition":[0.418019,131.867,-56.1486],"tipVelocity":[-4.71114,-1.66264,-3.18149],"tool":false,"touchDistance":0.310823,"touchZone":"hovering"},{"direction":[-0.226913,-0.075778,-0.970963],"handId":69,"id":44,"length":56.0976,"stabilizedTipPosition":[-55.6566,119.331,-49.9027],"timeVisible":4.73278,"tipPosition":[-56.1094,119.899,-49.2274],"tipVelocity":[-4.48536,-1.32203,0.926722],"tool":false,"touchDistance":0.254136,"touchZone":"hovering"},{"direction":[-0.554576,0.0970197,-0.826458],"handId":69,"id":4,"length":48.3547,"stabilizedTipPosition":[-79.6976,101.51,-20.1451],"timeVisible":4.83736,"tipPosition":[-79.3318,102.512,-19.3688],"tipVelocity":[-4.07271,0.813592,1.56578],"tool":false,"touchDistance":0.167906,"touchZone":"hovering"},{"direction":[0.584711,0.329473,-0.741324],"handId":69,"id":72,"length":37.4347,"stabilizedTipPosition":[76.1001,96.5047,5.05614],"timeVisible":4.81096,"tipPosition":[75.8905,97.0984,5.33797],"tipVelocity":[-4.6793,-0.972708,-2.66767],"tool":false,"touchDistance":0.311649,"touchZone":"hovering"}],"r":[[0.87729,-0.269355,0.397252],[-0.113278,-0.920495,-0.373976],[0.466401,0.283086,-0.838053]],"s":-79.869,"t":[1210.67,-9696.43,-200.507],"timestamp":22654548769}
{"currentFrameRate":42.0348,"gestures":[],"hands":[{"direction":[-0.229399,0.6081,-0.759994],"id":69,"palmNormal":[0.00672266,-0.779808,-0.625983],"palmPosition":[-1.12348,90.0796,26.763],"palmVelocity":[-0.366089,0.0701434,-7.2618],"r":[[0.985247,-0.127467,0.114192],[0.129612,0.991498,-0.0115277],[-0.111752,0.0261583,0.993392]],"s":1.31622,"sphereCenter":[-0.396634,14.6397,-47.8362],"sphereRadius":118.992,"stabilizedPalmPosition":[-1.65701,89.2266,26.2816],"t":[-60.4133,-5.80269,-1.12776],"timeVisible":4.75672}],"id":151672,"interactionBox":{"center":[0,200,0],"size":[221.418,221.418,154.742]},"pointables":[{"direction":[-0.271089,-0.0152035,-0.962434],"handId":69,"id":26,"length":67.7922,"stabilizedTipPosition":[-38.5495,128.957,-60.3021],"timeVisible":4.73069,"tipPosition":[-39.6544,129.451,-59.6383],"tipVelocity":[-0.873892,-3.79986,-0.706511],"tool":false,"touchDistance":0.316164,"touchZone":"hovering"},{"direction":[-0.142555,0.164841,-0.975964],"handId":69,"id":65,"length":66.2771,"stabilizedTipPosition":[1.21026,131.006,-56.5157],"timeVisible":4.87919,"tipPosition":[0.407907,131.771,-56.1786],"tipVelocity":[-0.844191,-3.13351,-0.932974],"tool":false,"touchDistance":0.310323,"touchZone":"hovering"},{"direction":[-0.227979,-0.0750504,-0.970769],"handId":69,"id":44,"length":56.244,"stabilizedTipPosition":[-55.6634,119.338,-49.8924],"timeVisible":4.75672,"tipPosition":[-56.1094,119.794,-49.2132],"tipVelocity":[-0.508243,-3.28254,0.775368],"tool":false,"touchDistance":0.254373,"touchZone":"hovering"},{"direction":[-0.554727,0.0974188,-0.82631],"handId":69,"id":4,"length":48.3714,"stabilizedTipPosition":[-79.6955,101.516,-20.1407],"timeVisible":4.8613,"tipPosition":[-79.3485,102.461,-19.3973],"tipVelocity":[-0.922498,-1.20121,-0.596397],"tool":false,"touchDistance":0.167431,"touchZone":"hovering"},{"direction":[0.584681,0.329631,-0.741277],"handId":69,"id":72,"length":37.4723,"stabilizedTipPosition":[76.101,96.5146,5.05439],"timeVisible":4.8349,"tipPosition":[76.1656,97.2032,4.93216],"tipVelocity":[8.93254,3.68337,-13.7743],"tool":false,"touchDistance":0.304886,"touchZone":"hovering"}],"r":[[0.878023,-0.268482,0.396223],[-0.112823,-0.920621,-0.373803],[0.465131,0.283504,-0.838617]],"s":-79.869,"t":[1210.69,-9696.51,-200.552],"timestamp":22654572712}
{"currentFrameRate":42.3164,"gestures":[],"hands":[{"direction":[-0.229616,0.608128,-0.759905],"id":69,"palmNormal":[0.00700095,-0.779714,-0.626096],"palmPosition":[-1.04677,90.0175,26.6594],"palmVelocity":[3.29743,-2.66916,-4.45341],"r":[[0.985382,-0.127112,0.113421],[0.129231,0.991548,-0.0115029],[-0.111,0.0259923,0.99348]],"s":1.31632,"sphereCenter":[-0.513238,14.648,-47.791],"sphereRadius":118.935,"stabilizedPalmPosition":[-1.65155,89.2337,26.285],"t":[-60.3439,-5.87252,-1.22102],"timeVisible":4.77999}],"id":151673,"interactionBox":{"center":[0,200,0],"size":[221.418,221.418,154.742]},"pointables":[{"direction":[-0.270979,-0.0158279,-0.962455],"handId":69,"id":26,"length":67.8264,"stabilizedTipPosition":[-38.5598,128.961,-60.2962],"timeVisible":4.75395,"tipPosition":[-39.5739,129.349,-59.7175],"tipVelocity":[2.29857,-3.34414,-2.68415],"tool":false,"touchDistance":0.314845,"touchZone":"hovering"},{"direction":[-0.142693,0.164297,-0.976036],"handId":69,"id":65,"length":66.2874,"stabilizedTipPosition":[1.20423,131.011,-56.5133],"timeVisible":4.90245,"tipPosition":[0.488766,131.624,-56.226],"tipVelocity":[2.42495,-5.10611,-1.61438],"tool":false,"touchDistance":0.309534,"touchZone":"hovering"},{"direction":[-0.227756,-0.0757567,-0.970767],"handId":69,"id":44,"length":56.2682,"stabilizedTipPosition":[-55.6689,119.344,-49.8845],"timeVisible":4.77999,"tipPosition":[-56.047,119.712,-49.3436],"tipVelocity":[1.72222,-2.59573,-4.4603],"tool":false,"touchDistance":0.252199,"touchZone":"hovering"},{"direction":[-0.554749,0.0975099,-0.826284],"handId":69,"id":4,"length":48.3848,"stabilizedTipPosition":[-79.6944,101.521,-20.1379],"timeVisible":4.88457,"tipPosition":[-79.4887,102.458,-19.6361],"tipVelocity":[-5.38028,0.389565,-8.09617],"tool":false,"touchDistance":0.163451,"touchZone":"hovering"},{"direction":[0.584774,0.328815,-0.741566],"handId":69,"id":72,"length":37.4523,"stabilizedTipPosition":[76.101,96.5222,5.05488],"timeVisible":4.85816,"tipPosition":[76.1021,97.0735,5.09056],"tipVelocity":[-2.75607,-4.43417,5.65574],"tool":false,"touchDistance":0.307526,"touchZone":"hovering"}],"r":[[0.877621,-0.269053,0.396726],[-0.113127,-0.920498,-0.374012],[0.465814,0.283361,-0.838286]],"s":-79.8689,"t":[1210.76,-9696.58,-200.645],"timestamp":22654595974}
{"currentFrameRate":42.105,"gestures":[],"hands":[{"direction":[-0.229765,0.607589,-0.760292],"id":69,"palmNormal":[0.00694598,-0.780148,-0.625557],"palmPosition":[-0.909365,89.8785,26.6336],"palmVelocity":[5.71885,-5.78601,-1.07027],"r":[[0.985474,-0.126883,0.112882],[0.128975,0.991582,-0.0113999],[-0.110485,0.0257933,0.993543]],"s":1.31621,"sphereCenter":[-0.351078,14.1679,-48.0245],"sphereRadius":119.393,"stabilizedPalmPosition":[-1.64484,89.2395,26.2881],"t":[-60.2226,-5.99208,-1.20392],"timeVisible":4.80401}],"id":151674,"interactionBox":{"center":[0,200,0],"size":[221.418,221.418,154.742]},"pointables":[{"direction":[-0.270803,-0.0169573,-0.962486],"handId":69,"id":26,"length":67.9187,"stabilizedTipPosition":[-38.5685,128.964,-60.29],"timeVisible":4.77798,"tipPosition":[-39.3989,129.215,-59.703],"tipVelocity":[5.60108,-4.51074,0.552738],"tool":false,"touchDistance":0.315086,"touchZone":"hovering"},{"direction":[-0.142741,0.163364,-0.976185],"handId":69,"id":65,"length":66.2811,"stabilizedTipPosition":[1.19926,131.015,-56.512],"timeVisible":4.92648,"tipPosition":[0.616615,131.437,-56.3648],"tipVelocity":[4.13163,-6.53678,-4.84804],"tool":false,"touchDistance":0.30722,"touchZone":"hovering"},{"direction":[-0.22749,-0.0763452,-0.970783],"handId":69,"id":44,"length":56.3532,"stabilizedTipPosition":[-55.6726,119.347,-49.8788],"timeVisible":4.80401,"tipPosition":[-55.9253,119.588,-49.4876],"tipVelocity":[3.85356,-4.13735,-4.95447],"tool":false,"touchDistance":0.249798,"touchZone":"hovering"},{"direction":[-0.555315,0.0975807,-0.825895],"handId":69,"id":4,"length":48.3813,"stabilizedTipPosition":[-79.6924,101.526,-20.1354],"timeVisible":4.90859,"tipPosition":[-79.3397,102.356,-19.6896],"tipVelocity":[4.58076,-3.07692,-1.77606],"tool":false,"touchDistance":0.162561,"touchZone":"hovering"},{"direction":[0.585179,0.329121,-0.741111],"handId":69,"id":72,"length":37.446,"stabilizedTipPosition":[76.1011,96.5277,5.05757],"timeVisible":4.88219,"tipPosition":[76.1089,96.9182,5.24843],"tipVelocity":[-0.26581,-5.29297,5.54024],"tool":false,"touchDistance":0.310157,"touchZone":"hovering"}],"r":[[0.877342,-0.269434,0.397085],[-0.113283,-0.920394,-0.374221],[0.466302,0.283337,-0.838023]],"s":-79.869,"t":[1210.88,-9696.7,-200.628],"timestamp":22654620001}
{"currentFrameRate":42.1738,"gestures":[],"hands":[{"direction":[-0.230061,0.608061,-0.759825],"id":69,"palmNormal":[0.00714551,-0.779692,-0.626123],"palmPosition":[-0.815877,89.7769,26.4996],"palmVelocity":[3.95783,-4.30223,-5.67277],"r":[[0.985559,-0.126614,0.112436],[0.128699,0.991618,-0.0114506],[-0.110044,0.0257557,0.993593]],"s":1.31592,"sphereCenter":[-0.358604,14.0502,-48.0442],"sphereRadius":119.432,"stabilizedPalmPosition":[-1.63762,89.2442,26.29],"t":[-60.1014,-6.13844,-1.22203],"timeVisible":4.82764}],"id":151675,"interactionBox":{"center":[0,200,0],"size":[221.418,221.418,154.742]},"pointables":[{"direction":[-0.2707,-0.0175447,-0.962504],"handId":69,"id":26,"length":68.0177,"stabilizedTipPosition":[-38.5754,128.965,-60.285],"timeVisible":4.8016,"tipPosition":[-39.2508,129.057,-59.7864],"tipVelocity":[4.74699,-5.49046,-2.91311],"tool":false,"touchDistance":0.313697,"touchZone":"hovering"},{"direction":[-0.142769,0.162716,-0.976289],"handId":69,"id":65,"length":66.2914,"stabilizedTipPosition":[1.19571,131.017,-56.511],"timeVisible":4.9501,"tipPosition":[0.766324,131.315,-56.3879],"tipVelocity":[4.98543,-4.32428,-0.803076],"tool":false,"touchDistance":0.306835,"touchZone":"hovering"},{"direction":[-0.227086,-0.0773311,-0.970799],"handId":69,"id":44,"length":56.4276,"stabilizedTipPosition":[-55.6743,119.348,-49.8748],"timeVisible":4.82764,"tipPosition":[-55.7923,119.432,-49.5996],"tipVelocity":[4.3467,-5.37507,-3.90927],"tool":false,"touchDistance":0.247931,"touchZone":"hovering"},{"direction":[-0.555336,0.0973633,-0.825907],"handId":69,"id":4,"length":48.3657,"stabilizedTipPosition":[-79.6896,101.529,-20.1332],"timeVisible":4.93221,"tipPosition":[-79.1691,102.186,-19.7297],"tipVelocity":[5.40155,-5.55497,-1.31049],"tool":false,"touchDistance":0.161892,"touchZone":"hovering"},{"direction":[0.585427,0.328483,-0.741198],"handId":69,"id":72,"length":37.4683,"stabilizedTipPosition":[76.1007,96.5301,5.0606],"timeVisible":4.90581,"tipPosition":[76.0653,96.6981,5.28154],"tipVelocity":[-1.92246,-7.59719,1.27394],"tool":false,"touchDistance":0.310709,"touchZone":"hovering"}],"r":[[0.877103,-0.269822,0.39735],[-0.113542,-0.920323,-0.374319],[0.46669,0.2832,-0.837853]],"s":-79.8693,"t":[1211,-9696.85,-200.646],"timestamp":22654643622}
{"currentFrameRate":42.1261,"gestures":[],"hands":[{"direction":[-0.230077,0.607715,-0.760096],"id":69,"palmNormal":[0.00668661,-0.780045,-0.625688],"palmPosition":[-0.736928,89.6136,26.4679],"palmVelocity":[3.31705,-6.861,-1.33384],"r":[[0.985545,-0.126587,0.112589],[0.128665,0.991623,-0.0113518],[-0.110209,0.025674,0.993577]],"s":1.31589,"sphereCenter":[-0.230835,13.735,-48.1964],"sphereRadius":119.671,"stabilizedPalmPosition":[-1.62976,89.2474,26.2915],"t":[-60.0266,-6.29664,-1.30138],"timeVisible":4.85144}],"id":151676,"interactionBox":{"center":[0,200,0],"size":[221.418,221.418,154.742]},"pointables":[{"direction":[-0.270568,-0.0183198,-0.962527],"handId":69,"id":26,"length":68.1072,"stabilizedTipPosition":[-38.5812,128.964,-60.2811],"timeVisible":4.8254,"tipPosition":[-39.1444,128.844,-59.9016],"tipVelocity":[3.40295,-7.48337,-4.04637],"tool":false,"touchDistance":0.311776,"touchZone":"hovering"},{"direction":[-0.14274,0.161723,-0.976458],"handId":69,"id":65,"length":66.3013,"stabilizedTipPosition":[1.193,131.018,-56.5111],"timeVisible":4.9739,"tipPosition":[0.866273,131.111,-56.5228],"tipVelocity":[3.32094,-7.36388,-4.82346],"tool":false,"touchDistance":0.304587,"touchZone":"hovering"},{"direction":[-0.226866,-0.0779957,-0.970798],"handId":69,"id":44,"length":56.505,"stabilizedTipPosition":[-55.6748,119.347,-49.8722],"timeVisible":4.85144,"tipPosition":[-55.7061,119.26,-49.6845],"tipVelocity":[2.80249,-6.05919,-3.02148],"tool":false,"touchDistance":0.246517,"touchZone":"hovering"},{"direction":[-0.555924,0.0972259,-0.825527],"handId":69,"id":4,"length":48.3686,"stabilizedTipPosition":[-79.6859,101.532,-20.1311],"timeVisible":4.95601,"tipPosition":[-79.024,102.006,-19.7357],"tipVelocity":[4.63253,-5.98853,-0.14374],"tool":false,"touchDistance":0.161792,"touchZone":"hovering"},{"direction":[0.585495,0.328345,-0.741205],"handId":69,"id":72,"length":37.4863,"stabilizedTipPosition":[76.1015,96.5303,5.06208],"timeVisible":4.92961,"tipPosition":[76.1597,96.5448,5.16999],"tipVelocity":[2.81219,-5.41631,-3.66286],"tool":false,"touchDistance":0.30885,"touchZone":"hovering"}],"r":[[0.877172,-0.269801,0.39721],[-0.113516,-0.920287,-0.374415],[0.466565,0.283336,-0.837877]],"s":-79.8693,"t":[1211.07,-9697.01,-200.726],"timestamp":22654667423}
{"currentFrameRate":42.0131,"gestures":[],"hands":[{"direction":[-0.22998,0.607188,-0.760547],"id":69,"palmNormal":[0.00615204,-0.780572,-0.625035],"palmPosition":[-0.740509,89.4376,26.5062],"palmVelocity":[-0.149515,-7.34896,1.59782],"r":[[0.985547,-0.126542,0.112624],[0.128606,0.991632,-0.0112285],[-0.11026,0.0255503,0.993574]],"s":1.31594,"sphereCenter":[-0.594232,14.2304,-47.8896],"sphereRadius":118.992,"stabilizedPalmPosition":[-1.62199,89.2491,26.2934],"t":[-60.02,-6.47712,-1.37755],"timeVisible":4.87539}],"id":151677,"interactionBox":{"center":[0,200,0],"size":[221.418,221.418,154.742]},"pointables":[{"direction":[-0.270642,-0.0183173,-0.962506],"handId":69,"id":26,"length":68.2062,"stabilizedTipPosition":[-38.5865,128.96,-60.2791],"timeVisible":4.84935,"tipPosition":[-39.12,128.623,-60.0797],"tipVelocity":[0.646236,-7.89119,-6.28048],"tool":false,"touchDistance":0.308808,"touchZone":"hovering"},{"direction":[-0.142731,0.161213,-0.976544],"handId":69,"id":65,"length":66.3058,"stabilizedTipPosition":[1.19057,131.017,-56.512],"timeVisible":4.99785,"tipPosition":[0.897086,130.895,-56.6254],"tipVelocity":[0.961784,-7.8048,-3.73441],"tool":false,"touchDistance":0.302876,"touchZone":"hovering"},{"direction":[-0.22687,-0.0784323,-0.970762],"handId":69,"id":44,"length":56.5796,"stabilizedTipPosition":[-55.6746,119.343,-49.8704],"timeVisible":4.87539,"tipPosition":[-55.6624,119.058,-49.7455],"tipVelocity":[1.38744,-7.20177,-2.23251],"tool":false,"touchDistance":0.245501,"touchZone":"hovering"},{"direction":[-0.555444,0.0968135,-0.825899],"handId":69,"id":4,"length":48.3442,"stabilizedTipPosition":[-79.6823,101.533,-20.1294],"timeVisible":4.97997,"tipPosition":[-79.0034,101.852,-19.8135],"tipVelocity":[0.390184,-5.1233,-2.64133],"tool":false,"touchDistance":0.160495,"touchZone":"hovering"},{"direction":[0.585422,0.328265,-0.741298],"handId":69,"id":72,"length":37.4954,"stabilizedTipPosition":[76.103,96.5283,5.06214],"timeVisible":4.95356,"tipPosition":[76.2122,96.3833,5.06611],"tipVelocity":[1.47476,-5.73332,-3.46379],"tool":false,"touchDistance":0.307118,"touchZone":"hovering"}],"r":[[0.877184,-0.269834,0.397163],[-0.113497,-0.920237,-0.374542],[0.466548,0.283465,-0.837842]],"s":-79.8693,"t":[1211.08,-9697.19,-200.802],"timestamp":22654691374}
{"currentFrameRate":42.2202,"gestures":[],"hands":[{"direction":[-0.229987,0.606775,-0.760874],"id":69,"palmNormal":[0.00629907,-0.780888,-0.624639],"palmPosition":[-0.797911,89.3348,26.4972],"palmVelocity":[-2.45174,-4.39093,-0.385221],"r":[[0.985484,-0.126725,0.11297],[0.128784,0.991611,-0.0110845],[-0.110618,0.0254723,0.993537]],"s":1.31592,"sphereCenter":[-0.49282,14.0413,-47.8793],"sphereRadius":119.11,"stabilizedPalmPosition":[-1.61493,89.2498,26.2951],"t":[-60.0852,-6.60696,-1.50516],"timeVisible":4.8988}],"id":151678,"interactionBox":{"center":[0,200,0],"size":[221.418,221.418,154.742]},"pointables":[{"direction":[-0.270562,-0.0187724,-0.962519],"handId":69,"id":26,"length":68.3096,"stabilizedTipPosition":[-38.592,128.955,-60.2777],"timeVisible":4.87276,"tipPosition":[-39.148,128.457,-60.1371],"tipVelocity":[-1.13356,-6.16449,-2.1096],"tool":false,"touchDistance":0.307852,"touchZone":"hovering"},{"direction":[-0.142704,0.160143,-0.976724],"handId":69,"id":65,"length":66.311,"stabilizedTipPosition":[1.18778,131.015,-56.5141],"timeVisible":5.02126,"tipPosition":[0.83603,130.719,-56.7681],"tipVelocity":[-2.29007,-6.63901,-5.3082],"tool":false,"touchDistance":0.300498,"touchZone":"hovering"},{"direction":[-0.226926,-0.0794739,-0.970664],"handId":69,"id":44,"length":56.665,"stabilizedTipPosition":[-55.6749,119.337,-49.8691],"timeVisible":4.8988,"tipPosition":[-55.6992,118.91,-49.7736],"tipVelocity":[-1.42554,-5.46507,-1.13073],"tool":false,"touchDistance":0.245033,"touchZone":"hovering"},{"direction":[-0.55592,0.0969398,-0.825564],"handId":69,"id":4,"length":48.3322,"stabilizedTipPosition":[-79.6791,101.534,-20.1284],"timeVisible":5.00338,"tipPosition":[-79.0621,101.716,-19.9413],"tipVelocity":[-2.31057,-4.72121,-4.49012],"tool":false,"touchDistance":0.158364,"touchZone":"hovering"},{"direction":[0.585487,0.328063,-0.741336],"handId":69,"id":72,"length":37.5133,"stabilizedTipPosition":[76.1054,96.5256,5.05986],"timeVisible":4.97697,"tipPosition":[76.2886,96.325,4.88844],"tipVelocity":[2.37918,-2.30879,-6.12349],"tool":false,"touchDistance":0.304157,"touchZone":"hovering"}],"r":[[0.877367,-0.269559,0.396944],[-0.11327,-0.920254,-0.374569],[0.466258,0.283672,-0.837934]],"s":-79.8693,"t":[1211.01,-9697.32,-200.929],"timestamp":22654714787}
{"currentFrameRate":42.0282,"gestures":[],"hands":[{"direction":[-0.229874,0.606633,-0.761022],"id":69,"palmNormal":[0.00626525,-0.781024,-0.62447],"palmPosition":[-0.8998,89.2856,26.4818],"palmVelocity":[-4.23722,-2.04485,-0.637259],"r":[[0.985465,-0.126721,0.113138],[0.128764,0.991615,-0.0109124],[-0.110806,0.0253219,0.993519]],"s":1.31609,"sphereCenter":[-0.520227,13.7913,-47.9056],"sphereRadius":119.266,"stabilizedPalmPosition":[-1.6086,89.2501,26.2968],"t":[-60.2046,-6.67941,-1.60872],"timeVisible":4.92285}],"id":151679,"interactionBox":{"center":[0,200,0],"size":[221.418,221.418,154.742]},"pointables":[{"direction":[-0.270462,-0.0200393,-0.962522],"handId":69,"id":26,"length":68.339,"stabilizedTipPosition":[-38.5983,128.949,-60.277],"timeVisible":4.89681,"tipPosition":[-39.2439,128.288,-60.2061],"tipVelocity":[-3.4445,-6.34298,-2.56444],"tool":false,"touchDistance":0.306701,"touchZone":"hovering"},{"direction":[-0.142783,0.159505,-0.976817],"handId":69,"id":65,"length":66.3452,"stabilizedTipPosition":[1.18402,131.012,-56.5175],"timeVisible":5.04531,"tipPosition":[0.712338,130.625,-56.9542],"tipVelocity":[-4.44483,-3.75172,-6.83733],"tool":false,"touchDistance":0.297397,"touchZone":"hovering"},{"direction":[-0.226806,-0.0800505,-0.970645],"handId":69,"id":44,"length":56.6901,"stabilizedTipPosition":[-55.6765,119.33,-49.8686],"timeVisible":4.92285,"tipPosition":[-55.7932,118.817,-49.8322],"tipVelocity":[-3.37457,-3.58409,-2.20381],"tool":false,"touchDistance":0.244056,"touchZone":"hovering"},{"direction":[-0.555483,0.0964391,-0.825917],"handId":69,"id":4,"length":48.3286,"stabilizedTipPosition":[-79.6763,101.535,-20.1275],"timeVisible":5.02743,"tipPosition":[-79.173,101.643,-19.9612],"tipVelocity":[-4.03344,-2.66237,-0.803586],"tool":false,"touchDistance":0.158033,"touchZone":"hovering"},{"direction":[0.585393,0.32746,-0.741677],"handId":69,"id":72,"length":37.5057,"stabilizedTipPosition":[76.1071,96.5216,5.0568],"timeVisible":5.00102,"tipPosition":[76.231,96.2245,4.83153],"tipVelocity":[-2.05724,-3.7315,-2.10875],"tool":false,"touchDistance":0.303209,"touchZone":"hovering"}],"r":[[0.877446,-0.269512,0.396802],[-0.113191,-0.920205,-0.374715],[0.466129,0.283877,-0.837936]],"s":-79.8691,"t":[1210.89,-9697.39,-201.033],"timestamp":22654738833}
