{"currentFrameRate":103.046,"gestures":[],"hands":[{"direction":[0.276723,0.696583,-0.661964],"id":76,"palmNormal":[0.44653,-0.703187,-0.553298],"palmPosition":[-155.652,242.053,163.08],"palmVelocity":[-83.5054,53.6189,34.8569],"r":[[0.931327,-0.263016,-0.251897],[0.302618,0.943719,0.133482],[0.202612,-0.200544,0.958504]],"s":0.589217,"sphereCenter":[-141.201,230.753,149.247],"sphereRadius":60.39,"stabilizedPalmPosition":[-151.349,241.275,160.29],"t":[-64.8954,32.5736,101.453],"timeVisible":1.32502}],"id":17522,"interactionBox":{"center":[0,200,0],"size":[221.418,221.418,154.742]},"pointables":[],"r":[[0.255188,0.184589,-0.949108],[-0.934713,-0.204037,-0.291],[-0.247369,0.961403,0.12047]],"s":-42.3436,"t":[183.228,-2931.3,-201.131],"timestamp":34963751498}
{"currentFrameRate":106.695,"gestures":[],"hands":[{"direction":[0.244837,0.692515,-0.678585],"id":76,"palmNormal":[0.451321,-0.70084,-0.552388],"palmPosition":[-156.25,241.477,163.891],"palmVelocity":[-69.4638,-67.0544,94.281],"r":[[0.927132,-0.268757,-0.261144],[0.311865,0.939746,0.140065],[0.207766,-0.211301,0.955084]],"s":0.612959,"sphereCenter":[-140.862,229.068,149.323],"sphereRadius":60.865,"stabilizedPalmPosition":[-152.328,241.316,161.01],"t":[-66.0224,32.9282,103.361],"timeVisible":1.33361}],"id":17523,"interactionBox":{"center":[0,200,0],"size":[221.418,221.418,154.742]},"pointables":[],"r":[[0.264838,0.179126,-0.94751],[-0.934771,-0.193581,-0.297874],[-0.236777,0.964593,0.116174]],"s":-42.3198,"t":[182.101,-2930.95,-199.223],"timestamp":34963760096}
{"currentFrameRate":108.513,"gestures":[],"hands":[{"direction":[0.2289,0.696396,-0.680174],"id":76,"palmNormal":[0.460797,-0.692999,-0.554454],"palmPosition":[-156.317,240.847,164.12],"palmVelocity":[-7.63266,-71.1302,25.9331],"r":[[0.923691,-0.273256,-0.268561],[0.319266,0.936468,0.145247],[0.211809,-0.219906,0.952249]],"s":0.629638,"sphereCenter":[-140.474,227.763,149.171],"sphereRadius":61.1173,"stabilizedPalmPosition":[-153.156,241.218,161.656],"t":[-66.9375,33.0861,104.933],"timeVisible":1.34246}],"id":17524,"interactionBox":{"center":[0,200,0],"size":[221.418,221.418,154.742]},"pointables":[],"r":[[0.272502,0.174688,-0.946164],[-0.93469,-0.185222,-0.303394],[-0.22825,0.967045,0.112806]],"s":-42.3032,"t":[181.186,-2930.79,-197.651],"timestamp":34963768945}
{"currentFrameRate":110.949,"gestures":[],"hands":[{"direction":[0.220086,0.700341,-0.679032],"id":76,"palmNormal":[0.464072,-0.687452,-0.558612],"palmPosition":[-156.335,240.627,163.966],"palmVelocity":[-2.14556,-25.808,-18.1285],"r":[[0.920886,-0.276796,-0.274505],[0.325189,0.933783,0.149338],[0.214992,-0.22679,0.949918]],"s":0.641342,"sphereCenter":[-140.152,226.637,149.086],"sphereRadius":61.4499,"stabilizedPalmPosition":[-153.799,241.099,162.123],"t":[-67.6733,33.1683,106.16],"timeVisible":1.351}],"id":17525,"interactionBox":{"center":[0,200,0],"size":[221.418,221.418,154.742]},"pointables":[],"r":[[0.278595,0.171095,-0.945046],[-0.934542,-0.178538,-0.307822],[-0.221394,0.968943,0.110156]],"s":-42.2914,"t":[180.45,-2930.71,-196.424],"timestamp":34963777486}
{"currentFrameRate":112.05,"gestures":[],"hands":[{"direction":[0.20389,0.698545,-0.685904],"id":76,"palmNormal":[0.463915,-0.685903,-0.560642],"palmPosition":[-156.506,240.998,163.574],"palmVelocity":[-19.5971,42.621,-44.8873],"r":[[0.918607,-0.279589,-0.279268],[0.329927,0.931595,0.152576],[0.217506,-0.232295,0.948014]],"s":0.64955,"sphereCenter":[-140.395,226.694,149.439],"sphereRadius":61.2778,"stabilizedPalmPosition":[-154.353,241.078,162.42],"t":[-68.296,33.3084,107.064],"timeVisible":1.35972}],"id":17526,"interactionBox":{"center":[0,200,0],"size":[221.418,221.418,154.742]},"pointables":[],"r":[[0.283446,0.168194,-0.944124],[-0.934372,-0.173194,-0.311373],[-0.215888,0.97042,0.108064]],"s":-42.2832,"t":[179.828,-2930.57,-195.52],"timestamp":34963786204}
{"currentFrameRate":112.681,"gestures":[],"hands":[{"direction":[0.18688,0.698747,-0.690528],"id":76,"palmNormal":[0.466779,-0.681654,-0.563441],"palmPosition":[-156.064,240.384,162.797],"palmVelocity":[50.4478,-70.1532,-88.761],"r":[[0.916763,-0.281799,-0.283082],[0.333717,0.929819,0.155143],[0.219496,-0.236698,0.946465]],"s":0.655302,"sphereCenter":[-140.25,226.039,149.282],"sphereRadius":61.3562,"stabilizedPalmPosition":[-154.702,240.937,162.497],"t":[-68.7059,33.2976,107.631],"timeVisible":1.36848}],"id":17527,"interactionBox":{"center":[0,200,0],"size":[221.418,221.418,154.742]},"pointables":[],"r":[[0.287311,0.165856,-0.943369],[-0.934202,-0.168921,-0.314217],[-0.211469,0.971575,0.10641]],"s":-42.2775,"t":[179.418,-2930.58,-194.953],"timestamp":34963794962}
{"currentFrameRate":114.483,"gestures":[],"hands":[{"direction":[0.183362,0.701749,-0.688423],"id":76,"palmNormal":[0.466883,-0.678441,-0.567219],"palmPosition":[-156.465,239.416,163.305],"palmVelocity":[-47.6633,-115.055,60.4228],"r":[[0.915274,-0.28355,-0.286135],[0.33675,0.928382,0.157182],[0.221074,-0.24022,0.945209]],"s":0.659332,"sphereCenter":[-140.33,225.564,149.181],"sphereRadius":61.5741,"stabilizedPalmPosition":[-155.045,240.64,162.654],"t":[-69.1139,33.0954,108.186],"timeVisible":1.37689}],"id":17528,"interactionBox":{"center":[0,200,0],"size":[221.418,221.418,154.742]},"pointables":[],"r":[[0.290392,0.163974,-0.942754],[-0.934044,-0.165503,-0.316496],[-0.207926,0.972482,0.105098]],"s":-42.2735,"t":[179.01,-2930.78,-194.398],"timestamp":34963803371}
{"currentFrameRate":113.744,"gestures":[],"hands":[{"direction":[0.175511,0.688831,-0.703355],"id":76,"palmNormal":[0.465468,-0.687607,-0.557258],"palmPosition":[-156.254,239.755,162.354],"palmVelocity":[23.6664,37.9941,-106.606],"r":[[0.914073,-0.284942,-0.28858],[0.339176,0.927222,0.158803],[0.222328,-0.243037,0.944194]],"s":0.662155,"sphereCenter":[-140.075,225.084,148.507],"sphereRadius":61.6885,"stabilizedPalmPosition":[-155.289,240.462,162.593],"t":[-69.3981,33.0015,108.44],"timeVisible":1.38581}],"id":17529,"interactionBox":{"center":[0,200,0],"size":[221.418,221.418,154.742]},"pointables":[],"r":[[0.292851,0.162462,-0.942255],[-0.933905,-0.162771,-0.31832],[-0.205086,0.973197,0.104056]],"s":-42.2706,"t":[178.726,-2930.88,-194.144],"timestamp":34963812295}
{"currentFrameRate":114.277,"gestures":[],"hands":[{"direction":[0.164533,0.678353,-0.716077],"id":76,"palmNormal":[0.467458,-0.692893,-0.548982],"palmPosition":[-155.432,239.955,160.979],"palmVelocity":[94.9969,23.0011,-158.766],"r":[[0.913107,-0.286048,-0.290536],[0.341116,0.926288,0.160095],[0.223325,-0.24529,0.943376]],"s":0.664131,"sphereCenter":[-139.151,223.695,147.387],"sphereRadius":62.3388,"stabilizedPalmPosition":[-155.317,240.365,162.284],"t":[-69.461,32.9662,108.369],"timeVisible":1.39447}],"id":17530,"interactionBox":{"center":[0,200,0],"size":[221.418,221.418,154.742]},"pointables":[],"r":[[0.294814,0.161247,-0.941851],[-0.933784,-0.160585,-0.319781],[-0.202811,0.973762,0.103228]],"s":-42.2687,"t":[178.663,-2930.91,-194.216],"timestamp":34963820950}
{"currentFrameRate":113.917,"gestures":[],"hands":[{"direction":[0.16463,0.683338,-0.711299],"id":76,"palmNormal":[0.463574,-0.690134,-0.555711],"palmPosition":[-155.03,239.137,160.439],"palmVelocity":[45.4634,-92.4526,-61.144],"r":[[0.912331,-0.286929,-0.292102],[0.342669,0.925536,0.161124],[0.22412,-0.247093,0.942717]],"s":0.665515,"sphereCenter":[-138.619,222.754,146.469],"sphereRadius":62.717,"stabilizedPalmPosition":[-155.262,240.13,161.931],"t":[-69.431,32.7744,108.203],"timeVisible":1.40331}],"id":17531,"interactionBox":{"center":[0,200,0],"size":[221.418,221.418,154.742]},"pointables":[],"r":[[0.296381,0.160273,-0.941526],[-0.933682,-0.158837,-0.32095],[-0.200988,0.974209,0.102568]],"s":-42.2673,"t":[178.693,-2931.1,-194.381],"timestamp":34963829793}
{"currentFrameRate":114.777,"gestures":[],"hands":[{"direction":[0.166199,0.673428,-0.720328],"id":76,"palmNormal":[0.46383,-0.69802,-0.545554],"palmPosition":[-153.972,238.131,159.131],"palmVelocity":[123.567,-117.528,-152.758],"r":[[0.911708,-0.287631,-0.293355],[0.343911,0.924932,0.161945],[0.224753,-0.248534,0.942187]],"s":0.666485,"sphereCenter":[-138.049,222.507,145.029],"sphereRadius":62.8947,"stabilizedPalmPosition":[-155.027,239.766,161.422],"t":[-69.1954,32.4198,107.809],"timeVisible":1.41187}],"id":17532,"interactionBox":{"center":[0,200,0],"size":[221.418,221.418,154.742]},"pointables":[],"r":[[0.297634,0.159492,-0.941263],[-0.933596,-0.157438,-0.321886],[-0.199529,0.974564,0.102042]],"s":-42.2663,"t":[178.928,-2931.46,-194.775],"timestamp":34963838352}
{"currentFrameRate":114.91,"gestures":[],"hands":[{"direction":[0.169681,0.661282,-0.730695],"id":76,"palmNormal":[0.462193,-0.708245,-0.533635],"palmPosition":[-152.476,238.008,156.792],"palmVelocity":[172.335,-14.1618,-269.486],"r":[[0.911208,-0.288191,-0.294358],[0.344904,0.924447,0.1626],[0.225258,-0.249687,0.941762]],"s":0.667163,"sphereCenter":[-137.167,221.72,143.373],"sphereRadius":63.1933,"stabilizedPalmPosition":[-154.567,239.449,160.586],"t":[-68.7078,32.1116,107.027],"timeVisible":1.42055}],"id":17533,"interactionBox":{"center":[0,200,0],"size":[221.418,221.418,154.742]},"pointables":[],"r":[[0.298634,0.158866,-0.941052],[-0.933526,-0.15632,-0.322635],[-0.198361,0.974847,0.101623]],"s":-42.2656,"t":[179.416,-2931.77,-195.558],"timestamp":34963847031}
{"currentFrameRate":115.182,"gestures":[],"hands":[{"direction":[0.168904,0.648423,-0.742307],"id":76,"palmNormal":[0.454747,-0.719445,-0.52498],"palmPosition":[-151.336,237.064,155.218],"palmVelocity":[132.064,-109.296,-182.331],"r":[[0.910807,-0.288638,-0.29516],[0.345699,0.924058,0.163123],[0.225661,-0.25061,0.94142]],"s":0.667638,"sphereCenter":[-136.568,221.316,141.535],"sphereRadius":63.389,"stabilizedPalmPosition":[-153.998,239.029,159.641],"t":[-68.0897,31.6762,106.086],"timeVisible":1.42918}],"id":17534,"interactionBox":{"center":[0,200,0],"size":[221.418,221.418,154.742]},"pointables":[],"r":[[0.299434,0.158364,-0.940883],[-0.933468,-0.155425,-0.323235],[-0.197426,0.975071,0.101288]],"s":-42.2652,"t":[180.034,-2932.2,-196.499],"timestamp":34963855665}
{"currentFrameRate":115.709,"gestures":[],"hands":[{"direction":[0.154316,0.639012,-0.753558],"id":76,"palmNormal":[0.454912,-0.722995,-0.519937],"palmPosition":[-149.204,235.089,153.102],"palmVelocity":[249.333,-231.035,-247.549],"r":[[0.910485,-0.288994,-0.295802],[0.346335,0.923746,0.163541],[0.225983,-0.251348,0.941146]],"s":0.667971,"sphereCenter":[-135.294,220.293,139.689],"sphereRadius":63.8162,"stabilizedPalmPosition":[-153.167,238.346,158.507],"t":[-67.1688,30.9329,104.909],"timeVisible":1.43773}],"id":17535,"interactionBox":{"center":[0,200,0],"size":[221.418,221.418,154.742]},"pointables":[],"r":[[0.300073,0.157962,-0.940746],[-0.933421,-0.154709,-0.323714],[-0.196677,0.97525,0.101021]],"s":-42.2648,"t":[180.955,-2932.94,-197.675],"timestamp":34963864215}
{"currentFrameRate":114.881,"gestures":[],"hands":[{"direction":[0.156781,0.630963,-0.759806],"id":76,"palmNormal":[0.452404,-0.729742,-0.512647],"palmPosition":[-147.339,234.128,150.821],"palmVelocity":[210.811,-108.568,-257.689],"r":[[0.910228,-0.289279,-0.296315],[0.346844,0.923496,0.163874],[0.22624,-0.251938,0.940926]],"s":0.668203,"sphereCenter":[-134.224,219.551,137.553],"sphereRadius":64.2313,"stabilizedPalmPosition":[-152.124,237.592,157.132],"t":[-66.059,30.1461,103.512],"timeVisible":1.44658}],"id":17536,"interactionBox":{"center":[0,200,0],"size":[221.418,221.418,154.742]},"pointables":[],"r":[[0.300585,0.157641,-0.940637],[-0.933382,-0.154137,-0.324098],[-0.196078,0.975393,0.100808]],"s":-42.2646,"t":[182.065,-2933.73,-199.072],"timestamp":34963873065}
{"currentFrameRate":115.886,"gestures":[],"hands":[{"direction":[0.181982,0.623227,-0.760572],"id":76,"palmNormal":[0.446681,-0.74147,-0.500697],"palmPosition":[-146.134,233.488,148.974],"palmVelocity":[142.525,-75.8089,-218.514],"r":[[0.910022,-0.289507,-0.296726],[0.347251,0.923296,0.164141],[0.226446,-0.25241,0.94075]],"s":0.668366,"sphereCenter":[-131.567,216.803,134.365],"sphereRadius":66.1268,"stabilizedPalmPosition":[-151.1,236.889,155.737],"t":[-64.9302,29.3884,102.025],"timeVisible":1.45504}],"id":17537,"interactionBox":{"center":[0,200,0],"size":[221.418,221.418,154.742]},"pointables":[],"r":[[0.300994,0.157383,-0.94055],[-0.933351,-0.153679,-0.324405],[-0.195599,0.975507,0.100637]],"s":-42.2644,"t":[183.194,-2934.49,-200.559],"timestamp":34963881518}
{"currentFrameRate":115.353,"gestures":[],"hands":[{"direction":[0.19196,0.633557,-0.749505],"id":76,"palmNormal":[0.443678,-0.737231,-0.509549],"palmPosition":[-145.628,235.209,147.08],"palmVelocity":[57.7712,196.5,-216.145],"r":[[0.909856,-0.289689,-0.297055],[0.347576,0.923135,0.164354],[0.22661,-0.252788,0.940609]],"s":0.66848,"sphereCenter":[-133.671,224.88,135.293],"sphereRadius":64.7504,"stabilizedPalmPosition":[-150.14,236.595,154.219],"t":[-63.9259,29.1267,100.457],"timeVisible":1.4638}],"id":17538,"interactionBox":{"center":[0,200,0],"size":[221.418,221.418,154.742]},"pointables":[],"r":[[0.30132,0.157177,-0.940479],[-0.933326,-0.153313,-0.324651],[-0.195215,0.975598,0.100501]],"s":-42.2643,"t":[184.198,-2934.75,-202.127],"timestamp":34963890280}
{"currentFrameRate":115.714,"gestures":[],"hands":[{"direction":[0.206925,0.639607,-0.740328],"id":76,"palmNormal":[0.436246,-0.737635,-0.515348],"palmPosition":[-144.201,236.379,144.142],"palmVelocity":[166.339,136.4,-342.485],"r":[[0.909724,-0.289834,-0.297318],[0.347837,0.923007,0.164525],[0.226741,-0.25309,0.940497]],"s":0.66856,"sphereCenter":[-134.582,229.507,134.05],"sphereRadius":63.513,"stabilizedPalmPosition":[-149.12,236.558,152.488],"t":[-62.837,29.1513,98.6144],"timeVisible":1.47238}],"id":17539,"interactionBox":{"center":[0,200,0],"size":[221.418,221.418,154.742]},"pointables":[],"r":[[0.301582,0.157012,-0.940423],[-0.933306,-0.15302,-0.324847],[-0.194908,0.97567,0.100392]],"s":-42.2642,"t":[185.287,-2934.73,-203.97],"timestamp":34963898859}
{"currentFrameRate":115.134,"gestures":[],"hands":[{"direction":[0.219966,0.64262,-0.733931],"id":76,"palmNormal":[0.426934,-0.739896,-0.519886],"palmPosition":[-142.153,237.297,140.704],"palmVelocity":[233.097,104.436,-391.253],"r":[[0.909618,-0.289951,-0.297528],[0.348045,0.922904,0.164661],[0.226846,-0.253332,0.940406]],"s":0.668616,"sphereCenter":[-135.427,234.002,132.406],"sphereRadius":62.4853,"stabilizedPalmPosition":[-147.891,236.688,150.41],"t":[-61.5563,29.3545,96.4529],"timeVisible":1.48116}],"id":17540,"interactionBox":{"center":[0,200,0],"size":[221.418,221.418,154.742]},"pointables":[],"r":[[0.301791,0.15688,-0.940378],[-0.933289,-0.152785,-0.325005],[-0.194662,0.975728,0.100305]],"s":-42.2642,"t":[186.567,-2934.52,-206.131],"timestamp":34963907646}
{"currentFrameRate":115.788,"gestures":[],"hands":[{"direction":[0.230632,0.636021,-0.736401],"id":76,"palmNormal":[0.417227,-0.748341,-0.515663],"palmPosition":[-139.706,237.692,136.926],"palmVelocity":[287.097,46.3497,-443.278],"r":[[0.909534,-0.290044,-0.297697],[0.348212,0.922822,0.16477],[0.22693,-0.253525,0.940334]],"s":0.668655,"sphereCenter":[-134.606,235.853,129.489],"sphereRadius":61.7018,"stabilizedPalmPosition":[-146.486,236.861,148.094],"t":[-60.1342,33.84,95.8433],"timeVisible":1.48969}],"id":17541,"interactionBox":{"center":[0,200,0],"size":[221.418,221.418,154.742]},"pointables":[{"direction":[-0.0267184,0.988888,-0.14624],"handId":76,"id":30,"length":43.3639,"stabilizedTipPosition":[-87.4447,278.432,114.459],"timeVisible":0,"tipPosition":[-87.4447,278.432,114.459],"tipVelocity":[183.464,1028.84,110.573],"tool":false,"touchDistance":0.740978,"touchZone":"none"}],"r":[[0.301958,0.156774,-0.940342],[-0.933276,-0.152598,-0.32513],[-0.194466,0.975775,0.100235]],"s":-42.2641,"t":[187.989,-2930.04,-206.741],"timestamp":34963916168}
{"currentFrameRate":114.896,"gestures":[],"hands":[{"direction":[0.277106,0.636446,-0.719826],"id":76,"palmNormal":[0.41378,-0.755181,-0.508416],"palmPosition":[-137.562,238.372,133.54],"palmVelocity":[241.954,76.7739,-382.269],"r":[[0.920805,-0.272737,-0.278805],[0.315445,0.941183,0.121117],[0.229373,-0.199473,0.95268]],"s":0.624475,"sphereCenter":[-135.184,240.498,127.126],"sphereRadius":61.1132,"stabilizedPalmPosition":[-144.9,237.129,145.508],"t":[-56.8667,32.5275,92.4226],"timeVisible":1.49855}],"id":17542,"interactionBox":{"center":[0,200,0],"size":[221.418,221.418,154.742]},"pointables":[{"direction":[0.399859,-0.583858,-0.706557],"handId":76,"id":49,"length":49.3538,"stabilizedTipPosition":[-94.4191,267.334,83.3497],"timeVisible":0,"tipPosition":[-94.4191,267.334,83.3497],"tipVelocity":[437.987,-218.398,-542.389],"tool":false,"touchDistance":0.333333,"touchZone":"hovering"},{"direction":[0.00133551,0.966702,-0.2559],"handId":76,"id":30,"length":39.9977,"stabilizedTipPosition":[-84.9886,275.793,111.959],"timeVisible":0.00886,"tipPosition":[-84.9886,275.793,111.959],"tipVelocity":[461.083,-673.295,-438.213],"tool":false,"touchDistance":0.699312,"touchZone":"none"}],"r":[[0.276404,0.173537,-0.945244],[-0.928556,-0.20534,-0.309223],[-0.247758,0.963182,0.104383]],"s":-42.3083,"t":[191.257,-2931.35,-210.162],"timestamp":34963925028}
{"currentFrameRate":114.728,"gestures":[],"hands":[{"direction":[0.316223,0.640801,-0.699555],"id":76,"palmNormal":[0.413508,-0.756762,-0.506283],"palmPosition":[-135.401,238.694,130.286],"palmVelocity":[247.05,36.7383,-372.041],"r":[[0.927196,-0.259126,-0.270484],[0.291772,0.952458,0.087705],[0.234898,-0.160239,0.958721]],"s":0.62406,"sphereCenter":[-131.853,238.032,123.287],"sphereRadius":61.2235,"stabilizedPalmPosition":[-143.222,237.406,142.819],"t":[-53.179,30.6319,88.9382],"timeVisible":1.50729}],"id":17543,"interactionBox":{"center":[0,200,0],"size":[221.418,221.418,154.742]},"pointables":[{"direction":[0.407879,-0.585504,-0.700585],"handId":76,"id":49,"length":50.6637,"stabilizedTipPosition":[-91.6756,265.601,79.9636],"timeVisible":0.008746,"tipPosition":[-91.6756,265.601,79.9636],"tipVelocity":[450.367,-267.473,-556.558],"tool":false,"touchDistance":0.333333,"touchZone":"hovering"},{"direction":[0.0860856,0.905978,-0.41448],"handId":76,"id":30,"length":39.9492,"stabilizedTipPosition":[-82.6352,273.963,110.145],"timeVisible":0.017606,"tipPosition":[-82.6352,273.963,110.145],"tipVelocity":[462.066,-349.502,-341.566],"tool":false,"touchDistance":0.669089,"touchZone":"none"}],"r":[[0.259451,0.181013,-0.948641],[-0.922624,-0.24382,-0.298859],[-0.285395,0.952778,0.103748]],"s":-42.3087,"t":[194.945,-2933.25,-213.646],"timestamp":34963933774}
{"currentFrameRate":115.995,"gestures":[],"hands":[{"direction":[0.352373,0.64041,-0.682428],"id":76,"palmNormal":[0.411369,-0.760967,-0.501702],"palmPosition":[-133.239,238.764,127.053],"palmVelocity":[257.421,8.43398,-384.884],"r":[[0.929817,-0.248032,-0.271882],[0.273106,0.960234,0.0580043],[0.246683,-0.128186,0.960581]],"s":0.640454,"sphereCenter":[-128.64,235.805,119.133],"sphereRadius":61.2116,"stabilizedPalmPosition":[-141.515,237.638,140.123],"t":[-49.7074,28.807,85.4856],"timeVisible":1.51569}],"id":17544,"interactionBox":{"center":[0,200,0],"size":[221.418,221.418,154.742]},"pointables":[{"direction":[0.413097,-0.585473,-0.697547],"handId":76,"id":49,"length":51.51,"stabilizedTipPosition":[-88.7784,263.913,76.3711],"timeVisible":0.017145,"tipPosition":[-88.7784,263.913,76.3711],"tipVelocity":[446.345,-251.869,-553.041],"tool":false,"touchDistance":0.333333,"touchZone":"hovering"},{"direction":[0.148693,0.845602,-0.512686],"handId":76,"id":30,"length":38.0226,"stabilizedTipPosition":[-80.5207,272.44,108.499],"timeVisible":0.026005,"tipPosition":[-80.5207,272.44,108.499],"tipVelocity":[422.937,-253.894,-313.003],"tool":false,"touchDistance":0.641643,"touchZone":"hovering"}],"r":[[0.249467,0.179565,-0.951589],[-0.915538,-0.276443,-0.292181],[-0.315526,0.944106,0.0954352]],"s":-42.2923,"t":[198.416,-2935.07,-217.099],"timestamp":34963942173}
{"currentFrameRate":114.935,"gestures":[],"hands":[{"direction":[0.387013,0.633208,-0.670275],"id":76,"palmNormal":[0.409634,-0.769319,-0.490254],"palmPosition":[-130.404,238.945,122.559],"palmVelocity":[319.078,20.3587,-505.791],"r":[[0.932927,-0.237495,-0.270634],[0.254561,0.966614,0.0292663],[0.254648,-0.0961962,0.962237]],"s":0.661875,"sphereCenter":[-125.415,233.461,114.742],"sphereRadius":61.3204,"stabilizedPalmPosition":[-139.515,237.873,136.961],"t":[-45.8186,26.5449,81.6504],"timeVisible":1.52458}],"id":17545,"interactionBox":{"center":[0,200,0],"size":[221.418,221.418,154.742]},"pointables":[{"direction":[0.415143,-0.586253,-0.695675],"handId":76,"id":49,"length":51.9846,"stabilizedTipPosition":[-85.6428,262.074,72.458],"timeVisible":0.026031,"tipPosition":[-85.6428,262.074,72.458],"tipVelocity":[444.137,-254.995,-552.382],"tool":false,"touchDistance":0.333333,"touchZone":"hovering"},{"direction":[0.195256,0.794465,-0.575066],"handId":76,"id":30,"length":37.8888,"stabilizedTipPosition":[-77.7882,270.546,106.401],"timeVisible":0.034891,"tipPosition":[-77.7882,270.546,106.401],"tipVelocity":[458.402,-321.063,-351.424],"tool":false,"touchDistance":0.606686,"touchZone":"hovering"}],"r":[[0.238837,0.180079,-0.954216],[-0.907598,-0.308013,-0.285297],[-0.345287,0.934184,0.0898748]],"s":-42.2709,"t":[202.305,-2937.33,-220.934],"timestamp":34963951059}
{"currentFrameRate":116.098,"gestures":[],"hands":[{"direction":[0.416225,0.631698,-0.653999],"id":76,"palmNormal":[0.408717,-0.772485,-0.486023],"palmPosition":[-127.596,238.739,118.156],"palmVelocity":[333.869,-24.5031,-523.532],"r":[[0.933627,-0.230132,-0.274552],[0.241569,0.97035,0.00810908],[0.264546,-0.0738941,0.961538]],"s":0.694541,"sphereCenter":[-122.147,230.943,110.202],"sphereRadius":61.5828,"stabilizedPalmPosition":[-137.47,238.022,133.735],"t":[-41.9276,24.3615,77.6565],"timeVisible":1.53299}],"id":17546,"interactionBox":{"center":[0,200,0],"size":[221.418,221.418,154.742]},"pointables":[{"direction":[0.414816,-0.589668,-0.692978],"handId":76,"id":49,"length":52.664,"stabilizedTipPosition":[-82.2222,260.021,68.1324],"timeVisible":0.034441,"tipPosition":[-82.2222,260.021,68.1324],"tipVelocity":[457.184,-272.57,-574.719],"tool":false,"touchDistance":0.333333,"touchZone":"hovering"},{"direction":[0.240319,0.740539,-0.627573],"handId":76,"id":30,"length":37.1094,"stabilizedTipPosition":[-74.7198,268.646,104],"timeVisible":0.043301,"tipPosition":[-74.7198,268.646,104],"tipVelocity":[449.783,-212.65,-354.897],"tool":false,"touchDistance":0.566669,"touchZone":"hovering"}],"r":[[0.233535,0.176442,-0.956206],[-0.901006,-0.330467,-0.281033],[-0.365581,0.927178,0.0817998]],"s":-42.2382,"t":[206.196,-2939.52,-224.928],"timestamp":34963959469}
{"currentFrameRate":114.579,"gestures":[],"hands":[{"direction":[0.446851,0.620183,-0.644746],"id":76,"palmNormal":[0.401175,-0.783089,-0.475215],"palmPosition":[-124.396,238.219,112.872],"palmVelocity":[355.789,-57.7934,-587.507],"r":[[0.933647,-0.224419,-0.279177],[0.231075,0.972892,-0.0092869],[0.273693,-0.0558402,0.960195]],"s":0.74039,"sphereCenter":[-118.906,228.094,105.543],"sphereRadius":62.1345,"stabilizedPalmPosition":[-135.069,238.058,129.902],"t":[-37.8522,22.5461,73.7298],"timeVisible":1.54198}],"id":17547,"interactionBox":{"center":[0,200,0],"size":[221.418,221.418,154.742]},"pointables":[{"direction":[0.415314,-0.589722,-0.692634],"handId":76,"id":49,"length":53.223,"stabilizedTipPosition":[-78.5467,258.033,63.3989],"timeVisible":0.043435,"tipPosition":[-78.5467,258.033,63.3989],"tipVelocity":[457.119,-247.488,-582.042],"tool":false,"touchDistance":0.333333,"touchZone":"hovering"},{"direction":[0.277552,0.695149,-0.663124],"handId":76,"id":30,"length":37.4448,"stabilizedTipPosition":[-71.192,266.859,101.525],"timeVisible":0.052295,"tipPosition":[-71.192,266.859,101.525],"tipVelocity":[466.846,-139.396,-297.102],"tool":false,"touchDistance":0.525413,"touchZone":"hovering"}],"r":[[0.230089,0.172237,-0.957807],[-0.895149,-0.348669,-0.277737],[-0.381794,0.921284,0.0739524]],"s":-42.1924,"t":[210.271,-2941.33,-228.854],"timestamp":34963968463}
{"currentFrameRate":115.583,"gestures":[],"hands":[{"direction":[0.475998,0.607371,-0.636024],"id":76,"palmNormal":[0.395209,-0.793801,-0.462266],"palmPosition":[-120.968,237.461,107.218],"palmVelocity":[404.488,-89.4736,-667.14],"r":[[0.934166,-0.218716,-0.281951],[0.219792,0.975139,-0.0282198],[0.281113,-0.0356085,0.959014]],"s":0.783259,"sphereCenter":[-115.425,224.562,100.618],"sphereRadius":63.2317,"stabilizedPalmPosition":[-132.588,237.953,125.911],"t":[-33.8529,21.1655,69.5972],"timeVisible":1.55046}],"id":17548,"interactionBox":{"center":[0,200,0],"size":[221.418,221.418,154.742]},"pointables":[{"direction":[0.415433,-0.586064,-0.695661],"handId":76,"id":49,"length":53.6421,"stabilizedTipPosition":[-74.7783,256.425,58.3572],"timeVisible":0.05191,"tipPosition":[-74.7783,256.425,58.3572],"tipVelocity":[449.47,-179.982,-591.801],"tool":false,"touchDistance":0.333333,"touchZone":"hovering"},{"direction":[0.308759,0.663279,-0.68171],"handId":76,"id":30,"length":37.3474,"stabilizedTipPosition":[-67.398,265.134,98.7393],"timeVisible":0.06077,"tipPosition":[-67.398,265.134,98.7393],"tipVelocity":[479.62,-158.805,-366.719],"tool":false,"touchDistance":0.478988,"touchZone":"hovering"}],"r":[[0.225855,0.169362,-0.959326],[-0.888274,-0.3685,-0.274184],[-0.399948,0.91407,0.0672124]],"s":-42.1495,"t":[214.271,-2942.71,-232.987],"timestamp":34963976938}
{"currentFrameRate":114.786,"gestures":[],"hands":[{"direction":[0.501569,0.599739,-0.623492],"id":76,"palmNormal":[0.395023,-0.799953,-0.4517],"palmPosition":[-117.417,236.409,102.368],"palmVelocity":[401.137,-118.916,-547.84],"r":[[0.934164,-0.212947,-0.286341],[0.206763,0.977006,-0.0520363],[0.290838,-0.0105942,0.956714]],"s":0.831657,"sphereCenter":[-112.307,222.59,95.7191],"sphereRadius":63.4738,"stabilizedPalmPosition":[-129.749,237.664,121.506],"t":[-29.7188,19.53,65.253],"timeVisible":1.55931}],"id":17549,"interactionBox":{"center":[0,200,0],"size":[221.418,221.418,154.742]},"pointables":[{"direction":[0.416823,-0.579881,-0.699997],"handId":76,"id":49,"length":54.054,"stabilizedTipPosition":[-70.7042,254.915,52.6801],"timeVisible":0.060762,"tipPosition":[-70.7042,254.915,52.6801],"tipVelocity":[457.617,-158.918,-624.974],"tool":false,"touchDistance":0.333333,"touchZone":"hovering"},{"direction":[0.344777,0.613358,-0.710578],"handId":76,"id":30,"length":37.276,"stabilizedTipPosition":[-63.257,263.073,95.7765],"timeVisible":0.069622,"tipPosition":[-63.257,263.073,95.7765],"tipVelocity":[483.057,-286.206,-343.022],"tool":false,"touchDistance":0.429609,"touchZone":"hovering"}],"r":[[0.222259,0.164599,-0.960993],[-0.87881,-0.393044,-0.270572],[-0.422249,0.904668,0.0572933]],"s":-42.1011,"t":[218.405,-2944.35,-237.331],"timestamp":34963985790}
{"currentFrameRate":114.956,"gestures":[],"hands":[{"direction":[0.522683,0.595756,-0.609818],"id":76,"palmNormal":[0.396086,-0.803117,-0.445107],"palmPosition":[-113.857,235.461,97.4924],"palmVelocity":[410.65,-109.293,-562.425],"r":[[0.935188,-0.207674,-0.286871],[0.195124,0.978132,-0.0719994],[0.295551,0.0113575,0.95526]],"s":0.886706,"sphereCenter":[-108.785,220.16,90.5296],"sphereRadius":64.0814,"stabilizedPalmPosition":[-126.734,237.246,116.949],"t":[-25.3321,18.4017,60.8853],"timeVisible":1.56798}],"id":17550,"interactionBox":{"center":[0,200,0],"size":[221.418,221.418,154.742]},"pointables":[{"direction":[0.419318,-0.568387,-0.70789],"handId":76,"id":49,"length":54.5202,"stabilizedTipPosition":[-66.4406,253.58,46.493],"timeVisible":0.069431,"tipPosition":[-66.4406,253.58,46.493],"tipVelocity":[457.591,-128.564,-648.606],"tool":false,"touchDistance":0.333333,"touchZone":"hovering"},{"direction":[0.369633,0.592394,-0.71585],"handId":76,"id":30,"length":37.8189,"stabilizedTipPosition":[-58.7634,261.421,92.8655],"timeVisible":0.078291,"tipPosition":[-58.7634,261.421,92.8655],"tipVelocity":[546.265,-82.5071,-325.902],"tool":false,"touchDistance":0.381091,"touchZone":"hovering"}],"r":[[0.217361,0.163359,-0.962324],[-0.870413,-0.413738,-0.266835],[-0.44174,0.89562,0.0522596]],"s":-42.0461,"t":[222.792,-2945.48,-241.699],"timestamp":34963994459}
{"currentFrameRate":114.9,"gestures":[],"hands":[{"direction":[0.543804,0.58738,-0.599385],"id":76,"palmNormal":[0.392844,-0.809309,-0.436683],"palmPosition":[-110.209,234.313,92.1784],"palmVelocity":[418.703,-131.747,-609.893],"r":[[0.934924,-0.204451,-0.29003],[0.186242,0.978431,-0.0893662],[0.302046,0.0295346,0.952836]],"s":0.938623,"sphereCenter":[-105.113,217.077,85.1758],"sphereRadius":65.1105,"stabilizedPalmPosition":[-123.445,236.662,112.019],"t":[-21.7248,16.8916,55.701],"timeVisible":1.57669}],"id":17551,"interactionBox":{"center":[0,200,0],"size":[221.418,221.418,154.742]},"pointables":[{"direction":[0.491969,-0.34112,-0.801002],"handId":-1,"id":68,"length":53.5371,"stabilizedTipPosition":[0,0,0],"timeVisible":0,"tipPosition":[-104.214,244.846,6.28453],"tipVelocity":[123.78,-67.5278,-825.878],"tool":false,"touchDistance":0.0166667,"touchZone":"none"},{"direction":[0.48418,-0.302498,-0.821015],"handId":76,"id":86,"length":45.2516,"stabilizedTipPosition":[-130.521,230.914,18.7144],"timeVisible":0,"tipPosition":[-130.453,230.757,18.2633],"tipVelocity":[146.443,-309.286,-790.237],"tool":false,"touchDistance":0.333333,"touchZone":"hovering"},{"direction":[0.421657,-0.556275,-0.716076],"handId":76,"id":49,"length":54.8115,"stabilizedTipPosition":[-61.9861,252.413,39.871],"timeVisible":0.078144,"tipPosition":[-61.9861,252.413,39.871],"tipVelocity":[459.829,-103.913,-662.598],"tool":false,"touchDistance":0.333333,"touchZone":"hovering"},{"direction":[0.395377,0.566604,-0.722937],"handId":76,"id":30,"length":37.8192,"stabilizedTipPosition":[-54.4262,259.618,89.8162],"timeVisible":0.087004,"tipPosition":[-54.4262,259.618,89.8162],"tipVelocity":[427.369,-205.011,-324.339],"tool":false,"touchDistance":0.333333,"touchZone":"hovering"}],"r":[[0.214452,0.161171,-0.963345],[-0.86256,-0.431492,-0.264206],[-0.458258,0.887603,0.0464852]],"s":-41.9945,"t":[226.011,-2946.96,-247.104],"timestamp":34964003172}
{"currentFrameRate":115.159,"gestures":[],"hands":[{"direction":[0.537782,0.582465,-0.609528],"id":76,"palmNormal":[0.395515,-0.81278,-0.427734],"palmPosition":[-106.869,233.014,87.0513],"palmVelocity":[386.703,-150.432,-593.557],"r":[[0.935392,-0.201846,-0.290345],[0.179425,0.978452,-0.102167],[0.30471,0.0434714,0.951453]],"s":0.989737,"sphereCenter":[-101.377,213.758,79.7447],"sphereRadius":66.3775,"stabilizedPalmPosition":[-120.016,235.908,106.855],"t":[-17.9546,15.4334,50.5811],"timeVisible":1.58533}],"id":17552,"interactionBox":{"center":[0,200,0],"size":[221.418,221.418,154.742]},"pointables":[{"direction":[0.460148,-0.294395,-0.837613],"handId":76,"id":86,"length":45.5126,"stabilizedTipPosition":[-130.248,229.554,15.4835],"timeVisible":0.008638,"tipPosition":[-130.213,229.376,15.0587],"tipVelocity":[70.2465,-287.405,-681.469],"tool":false,"touchDistance":0.333333,"touchZone":"hovering"},{"direction":[0.424078,-0.544088,-0.723965],"handId":76,"id":49,"length":55.0234,"stabilizedTipPosition":[-57.4257,251.145,32.9625],"timeVisible":0.086782,"tipPosition":[-57.4257,251.145,32.9625],"tipVelocity":[458.484,-130.576,-667.917],"tool":false,"touchDistance":0.333333,"touchZone":"hovering"},{"direction":[0.416849,0.551716,-0.722389],"handId":76,"id":30,"length":38.0154,"stabilizedTipPosition":[-49.8502,258.095,86.711],"timeVisible":0.095642,"tipPosition":[-49.8502,258.095,86.711],"tipVelocity":[467.697,-79.0793,-325.089],"tool":false,"touchDistance":0.333333,"touchZone":"hovering"}],"r":[[0.211019,0.161477,-0.964052],[-0.856557,-0.444618,-0.261962],[-0.470936,0.881045,0.0444916]],"s":-41.9436,"t":[229.587,-2948.4,-252.335],"timestamp":34964011810}
{"currentFrameRate":114.757,"gestures":[],"hands":[{"direction":[0.535011,0.571407,-0.6223],"id":76,"palmNormal":[0.387247,-0.82051,-0.420479],"palmPosition":[-103.471,231.303,81.7953],"palmVelocity":[386.788,-194.789,-598.293],"r":[[0.935808,-0.1998,-0.290419],[0.173912,0.978297,-0.112648],[0.306623,0.0549093,0.950246]],"s":1.03747,"sphereCenter":[-97.6064,210.297,74.3111],"sphereRadius":67.7601,"stabilizedPalmPosition":[-116.357,234.889,101.313],"t":[-14.2578,13.6651,45.1512],"timeVisible":1.59411}],"id":17553,"interactionBox":{"center":[0,200,0],"size":[221.418,221.418,154.742]},"pointables":[{"direction":[0.437054,-0.293407,-0.850233],"handId":76,"id":86,"length":46.0895,"stabilizedTipPosition":[-129.918,227.878,11.8904],"timeVisible":0.017423,"tipPosition":[-129.881,227.689,11.4842],"tipVelocity":[70.6229,-304.902,-670.313],"tool":false,"touchDistance":0.333333,"touchZone":"hovering"},{"direction":[0.426213,-0.531508,-0.732012],"handId":76,"id":49,"length":55.3109,"stabilizedTipPosition":[-52.7506,249.692,25.7471],"timeVisible":0.095567,"tipPosition":[-52.7506,249.692,25.7471],"tipVelocity":[452.806,-161.325,-668.602],"tool":false,"touchDistance":0.333333,"touchZone":"hovering"},{"direction":[0.434043,0.547643,-0.715327],"handId":76,"id":30,"length":38.1267,"stabilizedTipPosition":[-45.2752,256.365,83.4465],"timeVisible":0.104427,"tipPosition":[-45.2752,256.365,83.4465],"tipVelocity":[437.599,-222.071,-352.86],"tool":false,"touchDistance":0.333333,"touchZone":"hovering"}],"r":[[0.208206,0.161896,-0.964593],[-0.851485,-0.455267,-0.260203],[-0.481273,0.875512,0.0430626]],"s":-41.896,"t":[233.187,-2950.17,-257.82],"timestamp":34964020595}
{"currentFrameRate":114.92,"gestures":[],"hands":[{"direction":[0.533544,0.556683,-0.636738],"id":76,"palmNormal":[0.378722,-0.830404,-0.408656],"palmPosition":[-100.304,229.489,76.9421],"palmVelocity":[365.125,-209.12,-559.574],"r":[[0.936351,-0.19816,-0.289792],[0.169057,0.977965,-0.122491],[0.307679,0.0657035,0.949219]],"s":1.08077,"sphereCenter":[-93.8179,206.143,68.8756],"sphereRadius":69.5488,"stabilizedPalmPosition":[-112.661,233.646,95.7016],"t":[-11.3151,11.5314,39.8859],"timeVisible":1.60279}],"id":17554,"interactionBox":{"center":[0,200,0],"size":[221.418,221.418,154.742]},"pointables":[{"direction":[0.58469,-0.295075,-0.75569],"handId":76,"id":64,"length":62.9178,"stabilizedTipPosition":[-71.8462,246.432,-12.1482],"timeVisible":0,"tipPosition":[-71.4372,246.231,-13.1939],"tipVelocity":[246.888,-195.536,-674.446],"tool":false,"touchDistance":-0.948037,"touchZone":"hovering"},{"direction":[0.409788,-0.262276,-0.873662],"handId":76,"id":77,"length":64.8142,"stabilizedTipPosition":[-101.376,239.07,-11.7695],"timeVisible":0,"tipPosition":[-101.346,238.98,-11.9655],"tipVelocity":[94.4625,-288.151,-608.105],"tool":false,"touchDistance":0.333333,"touchZone":"hovering"},{"direction":[0.412301,-0.286724,-0.864753],"handId":76,"id":86,"length":46.2974,"stabilizedTipPosition":[-129.497,225.934,8.1018],"timeVisible":0.026096,"tipPosition":[-129.454,225.733,7.71006],"tipVelocity":[75.1907,-318.117,-641.489],"tool":false,"touchDistance":0.333333,"touchZone":"hovering"},{"direction":[0.428476,-0.516006,-0.741718],"handId":76,"id":49,"length":55.4787,"stabilizedTipPosition":[-48.2802,248.479,18.8967],"timeVisible":0.10424,"tipPosition":[-48.2802,248.479,18.8967],"tipVelocity":[424.791,-112.916,-614.734],"tool":false,"touchDistance":0.333333,"touchZone":"hovering"},{"direction":[0.452221,0.533474,-0.714774],"handId":76,"id":30,"length":38.1891,"stabilizedTipPosition":[-40.5978,254.06,80.1355],"timeVisible":0.1131,"tipPosition":[-40.5978,254.06,80.1355],"tipVelocity":[430.828,-374.498,-321.889],"tool":false,"touchDistance":0.333333,"touchZone":"hovering"}],"r":[[0.205632,0.16287,-0.964981],[-0.846573,-0.465068,-0.258894],[-0.490948,0.870164,0.0422482]],"s":-41.8529,"t":[236.081,-2952.3,-263.113],"timestamp":34964029268}
{"currentFrameRate":114.82,"gestures":[],"hands":[{"direction":[0.514649,0.541194,-0.665015],"id":76,"palmNormal":[0.37492,-0.839582,-0.393112],"palmPosition":[-97.0047,227.43,72.1307],"palmVelocity":[378.096,-235.92,-551.329],"r":[[0.937379,-0.197488,-0.286911],[0.166342,0.97754,-0.129403],[0.306023,0.0735743,0.949177]],"s":1.11962,"sphereCenter":[-89.9813,201.842,63.5995],"sphereRadius":71.4915,"stabilizedPalmPosition":[-108.855,232.135,89.9718],"t":[-8.8462,9.29517,34.6445],"timeVisible":1.61151}],"id":17555,"interactionBox":{"center":[0,200,0],"size":[221.418,221.418,154.742]},"pointables":[{"direction":[0.557659,-0.291602,-0.777164],"handId":76,"id":64,"length":65.2768,"stabilizedTipPosition":[-69.4074,244.946,-18.4623],"timeVisible":0.008727,"tipPosition":[-69.0775,244.745,-19.3165],"tipVelocity":[235.234,-192.762,-654.94],"tool":false,"touchDistance":-0.973405,"touchZone":"hovering"},{"direction":[0.394896,-0.253391,-0.883091],"handId":76,"id":77,"length":64.418,"stabilizedTipPosition":[-100.812,237.511,-14.8847],"timeVisible":0.008727,"tipPosition":[-100.779,237.419,-15.0695],"tipVelocity":[106.981,-300.513,-605.205],"tool":false,"touchDistance":0.333333,"touchZone":"hovering"},{"direction":[0.387126,-0.281227,-0.878092],"handId":76,"id":86,"length":46.7353,"stabilizedTipPosition":[-128.964,223.674,4.13851],"timeVisible":0.034823,"tipPosition":[-128.916,223.47,3.78124],"tipVelocity":[81.4654,-329.828,-596.812],"tool":false,"touchDistance":0.333333,"touchZone":"hovering"},{"direction":[0.430867,-0.499437,-0.751609],"handId":76,"id":49,"length":55.7562,"stabilizedTipPosition":[-43.821,246.855,12.1091],"timeVisible":0.112967,"tipPosition":[-43.821,246.855,12.1091],"tipVelocity":[415.669,-191.881,-607.892],"tool":false,"touchDistance":0.333333,"touchZone":"hovering"},{"direction":[0.468417,0.524894,-0.710684],"handId":76,"id":30,"length":38.1851,"stabilizedTipPosition":[-35.7502,252.032,76.5197],"timeVisible":0.121827,"tipPosition":[-35.7502,252.032,76.5197],"tipVelocity":[454.512,-134.788,-394.575],"tool":false,"touchDistance":0.333333,"touchZone":"hovering"}],"r":[[0.203047,0.166112,-0.964976],[-0.84302,-0.471652,-0.258576],[-0.498086,0.865997,0.0442687]],"s":-41.8141,"t":[238.526,-2954.53,-268.368],"timestamp":34964037995}
