{"currentFrameRate":115.716,"gestures":[],"hands":[{"direction":[-0.0759739,0.181762,-0.980403],"id":91,"palmNormal":[-0.109629,-0.978807,-0.17297],"palmPosition":[-4.53245,183.118,47.1611],"palmVelocity":[-15.5887,-4.0369,18.3384],"r":[[0.796375,0.600522,0.0718351],[-0.591696,0.749008,0.298132],[0.12523,-0.27993,0.951818]],"s":-5.15109,"sphereCenter":[-27.5105,115.723,7.1815],"sphereRadius":93.8317,"stabilizedPalmPosition":[-2.76988,182.337,46.2362],"t":[-61.2223,70.2236,63.9875],"timeVisible":16.9977}],"id":12397,"interactionBox":{"center":[0,200,0],"size":[221.418,221.418,154.742]},"pointables":[{"direction":[0.0466935,-0.191749,-0.980333],"handId":91,"id":28,"length":60.624,"stabilizedTipPosition":[2.68211,191.619,-55.1865],"timeVisible":2.96586,"tipPosition":[2.74769,191.905,-55.618],"tipVelocity":[-11.9576,3.73196,25.1065],"tool":false,"touchDistance":0.172648,"touchZone":"hovering"},{"direction":[0.0261338,-0.306278,-0.951583],"handId":91,"id":6,"length":51.5069,"stabilizedTipPosition":[24.4325,169.09,-44.5293],"timeVisible":2.84446,"tipPosition":[24.1956,169.934,-44.8654],"tipVelocity":[-9.25552,3.27014,-3.83473],"tool":false,"touchDistance":0.300268,"touchZone":"hovering"},{"direction":[-0.249613,-0.194009,-0.948712],"handId":91,"id":27,"length":66.8279,"stabilizedTipPosition":[-44.6448,196.632,-38.8019],"timeVisible":4.397,"tipPosition":[-44.8695,196.612,-38.9203],"tipVelocity":[-9.4874,-6.98645,10.0295],"tool":false,"touchDistance":-0.0953969,"touchZone":"touching"},{"direction":[0.288008,-0.3238,-0.901224],"handId":91,"id":41,"length":48.2055,"stabilizedTipPosition":[56.7123,157.413,-13.0515],"timeVisible":4.19736,"tipPosition":[57.1151,158.579,-13.3501],"tipVelocity":[-4.96817,6.51238,3.35207],"tool":false,"touchDistance":0.294566,"touchZone":"hovering"},{"direction":[-0.74363,0.184956,-0.6425],"handId":91,"id":26,"length":29.1352,"stabilizedTipPosition":[-87.338,184.917,62.5657],"timeVisible":4.2579,"tipPosition":[-87.5939,185.329,61.7086],"tipVelocity":[-8.00493,2.9791,6.1498],"tool":false,"touchDistance":0.125245,"touchZone":"hovering"}],"r":[[-0.431263,-0.898268,-0.0844139],[0.740345,-0.405806,0.535921],[-0.515656,0.168628,0.840038]],"s":-22.4171,"t":[-1055.03,-1487.8,-1015.91],"timestamp":24232930471}
{"currentFrameRate":115.864,"gestures":[],"hands":[{"direction":[-0.0757607,0.180807,-0.980596],"id":91,"palmNormal":[-0.109652,-0.978969,-0.172035],"palmPosition":[-4.60214,183.103,47.2215],"palmVelocity":[-8.09881,-1.68736,7.02474],"r":[[0.79644,0.600426,0.0719162],[-0.591614,0.749028,0.298245],[0.125207,-0.280081,0.951776]],"s":-5.15097,"sphereCenter":[-27.489,115.775,7.17373],"sphereRadius":93.7643,"stabilizedPalmPosition":[-2.77624,182.34,46.2396],"t":[-61.3607,70.2378,64.0882],"timeVisible":17.0063}],"id":12398,"interactionBox":{"center":[0,200,0],"size":[221.418,221.418,154.742]},"pointables":[{"direction":[0.0467459,-0.191937,-0.980293],"handId":91,"id":28,"length":60.4873,"stabilizedTipPosition":[2.6816,191.62,-55.1882],"timeVisible":2.97446,"tipPosition":[2.61018,191.864,-55.4284],"tipVelocity":[-14.8265,-4.40402,19.767],"tool":false,"touchDistance":0.175806,"touchZone":"hovering"},{"direction":[0.0264008,-0.305023,-0.951979],"handId":91,"id":6,"length":51.4596,"stabilizedTipPosition":[24.4299,169.096,-44.5311],"timeVisible":2.85306,"tipPosition":[24.0736,169.946,-44.7831],"tipVelocity":[-13.4886,1.49957,8.95008],"tool":false,"touchDistance":0.301639,"touchZone":"hovering"},{"direction":[-0.249584,-0.194189,-0.948683],"handId":91,"id":27,"length":66.8161,"stabilizedTipPosition":[-44.6513,196.631,-38.8052],"timeVisible":4.4056,"tipPosition":[-45.0478,196.577,-39.0111],"tipVelocity":[-19.3565,-3.96569,-9.59819],"tool":false,"touchDistance":-0.0969112,"touchZone":"touching"},{"direction":[0.288134,-0.324036,-0.901099],"handId":91,"id":41,"length":48.2225,"stabilizedTipPosition":[56.7141,157.42,-13.0529],"timeVisible":4.20597,"tipPosition":[57.0017,158.584,-13.2779],"tipVelocity":[-12.1732,0.722641,7.75055],"tool":false,"touchDistance":0.29577,"touchZone":"hovering"},{"direction":[-0.744868,0.185711,-0.640846],"handId":91,"id":26,"length":29.1792,"stabilizedTipPosition":[-87.3404,184.921,62.5602],"timeVisible":4.2665,"tipPosition":[-87.6541,185.367,61.8418],"tipVelocity":[-6.11779,3.76953,13.9425],"tool":false,"touchDistance":0.127466,"touchZone":"hovering"}],"r":[[-0.431385,-0.898215,-0.0843659],[0.74025,-0.405864,0.536008],[-0.515691,0.168774,0.839987]],"s":-22.417,"t":[-1055.17,-1487.79,-1015.81],"timestamp":24232939076}
{"currentFrameRate":114.916,"gestures":[],"hands":[{"direction":[-0.0753357,0.181342,-0.98053],"id":91,"palmNormal":[-0.110471,-0.978789,-0.172532],"palmPosition":[-4.79383,183.107,47.3609],"palmVelocity":[-21.6155,0.458375,15.7123],"r":[[0.796428,0.600396,0.0722978],[-0.591693,0.748972,0.298228],[0.124906,-0.280295,0.951753]],"s":-5.151,"sphereCenter":[-27.5674,115.744,7.21307],"sphereRadius":93.8094,"stabilizedPalmPosition":[-2.78349,182.343,46.2437],"t":[-61.4949,70.2916,64.2287],"timeVisible":17.0152}],"id":12399,"interactionBox":{"center":[0,200,0],"size":[221.418,221.418,154.742]},"pointables":[{"direction":[0.0466026,-0.192308,-0.980227],"handId":91,"id":28,"length":60.5281,"stabilizedTipPosition":[2.67985,191.623,-55.1887],"timeVisible":2.98333,"tipPosition":[2.44057,191.915,-55.2593],"tipVelocity":[-17.346,5.401,16.8287],"tool":false,"touchDistance":0.178625,"touchZone":"hovering"},{"direction":[0.0266,-0.305021,-0.951974],"handId":91,"id":6,"length":51.4458,"stabilizedTipPosition":[24.426,169.102,-44.5317],"timeVisible":2.86193,"tipPosition":[23.9137,169.911,-44.6112],"tipVelocity":[-17.026,-3.43056,18.0992],"tool":false,"touchDistance":0.304505,"touchZone":"hovering"},{"direction":[-0.24952,-0.194337,-0.948669],"handId":91,"id":27,"length":66.7462,"stabilizedTipPosition":[-44.6603,196.631,-38.8056],"timeVisible":4.41447,"tipPosition":[-45.2023,196.638,-38.8246],"tipVelocity":[-16.693,6.18448,19.2294],"tool":false,"touchDistance":-0.0938018,"touchZone":"touching"},{"direction":[0.28838,-0.323717,-0.901135],"handId":91,"id":41,"length":48.2354,"stabilizedTipPosition":[56.7152,157.428,-13.054],"timeVisible":4.21483,"tipPosition":[56.8789,158.574,-13.219],"tipVelocity":[-13.04,-0.831927,6.29429],"tool":false,"touchDistance":0.296752,"touchZone":"hovering"},{"direction":[-0.743927,0.181395,-0.64317],"handId":91,"id":26,"length":29.2355,"stabilizedTipPosition":[-87.3433,184.924,62.5558],"timeVisible":4.27537,"tipPosition":[-87.7196,185.421,61.992],"tipVelocity":[-6.64304,5.42534,15.5086],"tool":false,"touchDistance":0.129969,"touchZone":"hovering"}],"r":[[-0.431503,-0.898192,-0.0840022],[0.740298,-0.405778,0.536007],[-0.515524,0.169102,0.840024]],"s":-22.417,"t":[-1055.31,-1487.73,-1015.67],"timestamp":24232947944}
{"currentFrameRate":115.37,"gestures":[],"hands":[{"direction":[-0.0751024,0.18119,-0.980576],"id":91,"palmNormal":[-0.110556,-0.978804,-0.172395],"palmPosition":[-4.94954,183.081,47.5107],"palmVelocity":[-18.1315,-3.10128,17.4459],"r":[[0.796541,0.600198,0.0726925],[-0.591658,0.749128,0.297906],[0.124346,-0.280303,0.951823]],"s":-5.15107,"sphereCenter":[-27.6648,115.691,7.25545],"sphereRadius":93.8745,"stabilizedPalmPosition":[-2.79103,182.345,46.2481],"t":[-61.6339,70.2696,64.2858],"timeVisible":17.0237}],"id":12400,"interactionBox":{"center":[0,200,0],"size":[221.418,221.418,154.742]},"pointables":[{"direction":[0.046654,-0.192355,-0.980216],"handId":91,"id":28,"length":60.4673,"stabilizedTipPosition":[2.67687,191.625,-55.1884],"timeVisible":2.99192,"tipPosition":[2.25608,191.911,-55.152],"tipVelocity":[-18.225,-0.668658,9.64619],"tool":false,"touchDistance":0.180414,"touchZone":"hovering"},{"direction":[0.0266361,-0.30443,-0.952162],"handId":91,"id":6,"length":51.4157,"stabilizedTipPosition":[24.4211,169.108,-44.5324],"timeVisible":2.87052,"tipPosition":[23.7407,169.826,-44.6332],"tipVelocity":[-18.8342,-9.01299,-2.31759],"tool":false,"touchDistance":0.304137,"touchZone":"hovering"},{"direction":[-0.249508,-0.194487,-0.948641],"handId":91,"id":27,"length":66.692,"stabilizedTipPosition":[-44.6714,196.632,-38.8024],"timeVisible":4.42306,"tipPosition":[-45.357,196.717,-38.6093],"tipVelocity":[-16.7039,8.30185,22.6049],"tool":false,"touchDistance":-0.0902133,"touchZone":"touching"},{"direction":[0.288402,-0.323934,-0.90105],"handId":91,"id":41,"length":48.2479,"stabilizedTipPosition":[56.7154,157.435,-13.0547],"timeVisible":4.22342,"tipPosition":[56.7492,158.534,-13.1685],"tipVelocity":[-13.9145,-4.14423,5.46187],"tool":false,"touchDistance":0.297593,"touchZone":"hovering"},{"direction":[-0.742937,0.1806,-0.644538],"handId":91,"id":26,"length":29.1427,"stabilizedTipPosition":[-87.3466,184.927,62.5522],"timeVisible":4.28396,"tipPosition":[-87.7838,185.33,62.0683],"tipVelocity":[-6.62893,-9.57049,7.85161],"tool":false,"touchDistance":0.13124,"touchZone":"hovering"}],"r":[[-0.431805,-0.898077,-0.0836805],[0.740434,-0.405924,0.535708],[-0.515075,0.169362,0.840246]],"s":-22.4171,"t":[-1055.44,-1487.75,-1015.61],"timestamp":24232956532}
{"currentFrameRate":113.195,"gestures":[],"hands":[{"direction":[-0.0749016,0.181035,-0.98062],"id":91,"palmNormal":[-0.110647,-0.978819,-0.172251],"palmPosition":[-5.11818,183.02,47.6249],"palmVelocity":[-18.2844,-6.57659,12.3857],"r":[[0.796474,0.600258,0.0729324],[-0.59176,0.748981,0.298072],[0.124295,-0.280565,0.951753]],"s":-5.15126,"sphereCenter":[-27.7573,115.647,7.32161],"sphereRadius":93.91,"stabilizedPalmPosition":[-2.79979,182.348,46.2533],"t":[-61.8134,70.2215,64.4254],"timeVisible":17.033}],"id":12401,"interactionBox":{"center":[0,200,0],"size":[221.418,221.418,154.742]},"pointables":[{"direction":[0.0465614,-0.193786,-0.979938],"handId":91,"id":28,"length":60.394,"stabilizedTipPosition":[2.67212,191.626,-55.1868],"timeVisible":3.00114,"tipPosition":[2.04676,191.842,-54.9699],"tipVelocity":[-20.3282,-7.03836,17.2824],"tool":false,"touchDistance":0.183449,"touchZone":"hovering"},{"direction":[0.0263687,-0.305471,-0.951836],"handId":91,"id":6,"length":51.359,"stabilizedTipPosition":[24.4143,169.113,-44.5321],"timeVisible":2.87974,"tipPosition":[23.5428,169.742,-44.4918],"tipVelocity":[-20.6359,-8.66458,14.057],"tool":false,"touchDistance":0.306495,"touchZone":"hovering"},{"direction":[-0.24966,-0.194298,-0.94864],"handId":91,"id":27,"length":66.6407,"stabilizedTipPosition":[-44.6858,196.633,-38.7969],"timeVisible":4.43228,"tipPosition":[-45.5192,196.651,-38.4746],"tipVelocity":[-16.88,-6.42277,14.0256],"tool":false,"touchDistance":-0.0879685,"touchZone":"touching"},{"direction":[0.287867,-0.325321,-0.900721],"handId":91,"id":41,"length":48.2605,"stabilizedTipPosition":[56.7146,157.442,-13.0549],"timeVisible":4.23264,"tipPosition":[56.5978,158.509,-13.0868],"tipVelocity":[-15.7486,-2.58314,8.43192],"tool":false,"touchDistance":0.298955,"touchZone":"hovering"},{"direction":[-0.740389,0.176474,-0.648599],"handId":91,"id":26,"length":29.0624,"stabilizedTipPosition":[-87.3511,184.931,62.5493],"timeVisible":4.29318,"tipPosition":[-87.919,185.384,62.1876],"tipVelocity":[-13.2887,4.55044,11.8305],"tool":false,"touchDistance":0.133229,"touchZone":"hovering"}],"r":[[-0.431793,-0.898106,-0.0834261],[0.740405,-0.405752,0.535879],[-0.515126,0.16962,0.840163]],"s":-22.4173,"t":[-1055.62,-1487.8,-1015.47],"timestamp":24232965755}
{"currentFrameRate":116.577,"gestures":[],"hands":[{"direction":[-0.0747145,0.182279,-0.980404],"id":91,"palmNormal":[-0.110429,-0.978618,-0.173531],"palmPosition":[-5.26825,182.983,47.8182],"palmVelocity":[-18.8059,-4.68834,24.2134],"r":[[0.79661,0.60003,0.0733256],[-0.591635,0.74902,0.298225],[0.124021,-0.280951,0.951675]],"s":-5.15147,"sphereCenter":[-27.8719,115.542,7.40205],"sphereRadius":93.9996,"stabilizedPalmPosition":[-2.80784,182.35,46.2584],"t":[-61.9706,70.205,64.5332],"timeVisible":17.041}],"id":12402,"interactionBox":{"center":[0,200,0],"size":[221.418,221.418,154.742]},"pointables":[{"direction":[0.0464791,-0.195461,-0.979609],"handId":91,"id":28,"length":60.371,"stabilizedTipPosition":[2.6667,191.627,-55.1846],"timeVisible":3.00912,"tipPosition":[1.84601,191.686,-54.849],"tipVelocity":[-21.2557,-17.4777,11.9268],"tool":false,"touchDistance":0.185464,"touchZone":"hovering"},{"direction":[0.0262577,-0.304952,-0.952006],"handId":91,"id":6,"length":51.2859,"stabilizedTipPosition":[24.4072,169.117,-44.5311],"timeVisible":2.88772,"tipPosition":[23.354,169.837,-44.3726],"tipVelocity":[-20.6609,11.9229,12.4398],"tool":false,"touchDistance":0.308482,"touchZone":"hovering"},{"direction":[-0.249501,-0.194942,-0.94855],"handId":91,"id":27,"length":66.5867,"stabilizedTipPosition":[-44.7004,196.632,-38.7896],"timeVisible":4.44026,"tipPosition":[-45.6774,196.575,-38.3065],"tipVelocity":[-16.8895,-7.61677,18.3665],"tool":false,"touchDistance":-0.0851669,"touchZone":"touching"},{"direction":[0.288206,-0.324866,-0.900777],"handId":91,"id":41,"length":48.271,"stabilizedTipPosition":[56.7133,157.449,-13.0548],"timeVisible":4.24062,"tipPosition":[56.4946,158.579,-13.028],"tipVelocity":[-11.1907,8.51395,6.40633],"tool":false,"touchDistance":0.299935,"touchZone":"hovering"},{"direction":[-0.740076,0.172936,-0.649908],"handId":91,"id":26,"length":29.0451,"stabilizedTipPosition":[-87.3558,184.934,62.5479],"timeVisible":4.30116,"tipPosition":[-88.0367,185.428,62.3547],"tipVelocity":[-12.1675,3.89565,17.6974],"tool":false,"touchDistance":0.136014,"touchZone":"hovering"}],"r":[[-0.432127,-0.897975,-0.0831157],[0.74027,-0.405847,0.535993],[-0.51504,0.170089,0.840121]],"s":-22.4175,"t":[-1055.78,-1487.82,-1015.37],"timestamp":24232973735}
{"currentFrameRate":115.663,"gestures":[],"hands":[{"direction":[-0.0747868,0.180784,-0.980675],"id":91,"palmNormal":[-0.110238,-0.978901,-0.17205],"palmPosition":[-5.41295,182.955,47.9511],"palmVelocity":[-16.436,-3.09738,15.1043],"r":[[0.796629,0.599982,0.0735155],[-0.591621,0.748968,0.298382],[0.123963,-0.281193,0.951611]],"s":-5.15107,"sphereCenter":[-27.9022,115.651,7.51977],"sphereRadius":93.9004,"stabilizedPalmPosition":[-2.8172,182.352,46.2645],"t":[-62.1591,70.2123,64.6857],"timeVisible":17.0498}],"id":12403,"interactionBox":{"center":[0,200,0],"size":[221.418,221.418,154.742]},"pointables":[{"direction":[0.0465343,-0.19531,-0.979637],"handId":91,"id":28,"length":60.2269,"stabilizedTipPosition":[2.65918,191.627,-55.1808],"timeVisible":3.01793,"tipPosition":[1.63053,191.736,-54.6722],"tipVelocity":[-22.6545,4.79007,18.0751],"tool":false,"touchDistance":0.188411,"touchZone":"hovering"},{"direction":[0.0260885,-0.304801,-0.952059],"handId":91,"id":6,"length":51.1976,"stabilizedTipPosition":[24.3979,169.123,-44.5289],"timeVisible":2.89653,"tipPosition":[23.1587,169.91,-44.2418],"tipVelocity":[-20.9587,8.92725,13.6288],"tool":false,"touchDistance":0.310661,"touchZone":"hovering"},{"direction":[-0.249322,-0.19626,-0.948325],"handId":91,"id":27,"length":66.5282,"stabilizedTipPosition":[-44.7193,196.63,-38.7787],"timeVisible":4.44906,"tipPosition":[-45.8647,196.495,-38.1191],"tipVelocity":[-19.565,-8.09238,19.8284],"tool":false,"touchDistance":-0.0820448,"touchZone":"touching"},{"direction":[0.288677,-0.324202,-0.900866],"handId":91,"id":41,"length":48.2868,"stabilizedTipPosition":[56.7109,157.456,-13.054],"timeVisible":4.24943,"tipPosition":[56.3445,158.609,-12.9378],"tipVelocity":[-15.9547,3.84571,9.58523],"tool":false,"touchDistance":0.301439,"touchZone":"hovering"},{"direction":[-0.740347,0.172888,-0.649613],"handId":91,"id":26,"length":29.08,"stabilizedTipPosition":[-87.363,184.939,62.5482],"timeVisible":4.30997,"tipPosition":[-88.3124,185.536,62.581],"tipVelocity":[-27.9691,10.4987,23.4384],"tool":false,"touchDistance":0.139785,"touchZone":"hovering"}],"r":[[-0.432221,-0.897945,-0.0829455],[0.740189,-0.40581,0.536133],[-0.515078,0.170333,0.840048]],"s":-22.4171,"t":[-1055.97,-1487.81,-1015.21],"timestamp":24232982539}
{"currentFrameRate":115.398,"gestures":[],"hands":[{"direction":[-0.0745766,0.181376,-0.980582],"id":91,"palmNormal":[-0.110624,-0.978756,-0.172625],"palmPosition":[-5.57123,182.919,48.1229],"palmVelocity":[-18.1682,-4.13462,19.7201],"r":[[0.796661,0.599924,0.0736356],[-0.591582,0.748944,0.29852],[0.12394,-0.281381,0.951559]],"s":-5.15061,"sphereCenter":[-28.0237,115.573,7.579],"sphereRadius":93.9693,"stabilizedPalmPosition":[-2.82696,182.354,46.271],"t":[-62.3721,70.2822,64.795],"timeVisible":17.0585}],"id":12404,"interactionBox":{"center":[0,200,0],"size":[221.418,221.418,154.742]},"pointables":[{"direction":[0.0463235,-0.194116,-0.979884],"handId":91,"id":28,"length":60.1814,"stabilizedTipPosition":[2.65002,191.629,-55.1766],"timeVisible":3.02664,"tipPosition":[1.39384,191.839,-54.5943],"tipVelocity":[-25.2255,10.6499,7.89583],"tool":false,"touchDistance":0.18971,"touchZone":"hovering"},{"direction":[0.0258738,-0.304545,-0.952147],"handId":91,"id":6,"length":51.1372,"stabilizedTipPosition":[24.3872,169.129,-44.5257],"timeVisible":2.90524,"tipPosition":[22.9394,169.929,-44.0937],"tipVelocity":[-23.1565,2.60364,15.3632],"tool":false,"touchDistance":0.313129,"touchZone":"hovering"},{"direction":[-0.249734,-0.19586,-0.948299],"handId":91,"id":27,"length":66.5422,"stabilizedTipPosition":[-44.7413,196.627,-38.7656],"timeVisible":4.45778,"tipPosition":[-46.0762,196.495,-37.9646],"tipVelocity":[-22.359,0.377763,16.451],"tool":false,"touchDistance":-0.0794686,"touchZone":"touching"},{"direction":[0.289252,-0.322977,-0.901121],"handId":91,"id":41,"length":48.3026,"stabilizedTipPosition":[56.7077,157.464,-13.0527],"timeVisible":4.25814,"tipPosition":[56.197,158.69,-12.8541],"tipVelocity":[-15.6765,9.20149,8.90718],"tool":false,"touchDistance":0.302833,"touchZone":"hovering"},{"direction":[-0.739043,0.167839,-0.652415],"handId":91,"id":26,"length":29.1544,"stabilizedTipPosition":[-87.3721,184.944,62.5498],"timeVisible":4.31868,"tipPosition":[-88.5888,185.636,62.7624],"tipVelocity":[-28.3047,9.82114,18.9078],"tool":false,"touchDistance":0.142809,"touchZone":"hovering"}],"r":[[-0.43231,-0.897911,-0.0828468],[0.740104,-0.40581,0.536251],[-0.515126,0.170512,0.839983]],"s":-22.4166,"t":[-1056.18,-1487.74,-1015.1],"timestamp":24232991251}
{"currentFrameRate":114.67,"gestures":[],"hands":[{"direction":[-0.0746358,0.180736,-0.980696],"id":91,"palmNormal":[-0.110481,-0.978883,-0.171993],"palmPosition":[-5.67394,182.925,48.2676],"palmVelocity":[-11.6065,0.593777,16.3447],"r":[[0.796871,0.599585,0.0741307],[-0.591409,0.749105,0.298458],[0.123419,-0.281674,0.95154]],"s":-5.15082,"sphereCenter":[-28.0671,115.663,7.61972],"sphereRadius":93.8636,"stabilizedPalmPosition":[-2.83709,182.356,46.2781],"t":[-62.5841,70.297,64.8384],"timeVisible":17.0673}],"id":12405,"interactionBox":{"center":[0,200,0],"size":[221.418,221.418,154.742]},"pointables":[{"direction":[0.0461451,-0.192997,-0.980114],"handId":91,"id":28,"length":60.1498,"stabilizedTipPosition":[2.639,191.631,-55.1716],"timeVisible":3.03549,"tipPosition":[1.16302,191.871,-54.5035],"tipVelocity":[-24.7129,3.30558,9.45458],"tool":false,"touchDistance":0.191221,"touchZone":"hovering"},{"direction":[0.0257895,-0.303941,-0.952342],"handId":91,"id":6,"length":51.0931,"stabilizedTipPosition":[24.3747,169.135,-44.5222],"timeVisible":2.91409,"tipPosition":[22.7238,169.924,-44.058],"tipVelocity":[-22.7823,-0.0240477,3.6812],"tool":false,"touchDistance":0.313723,"touchZone":"hovering"},{"direction":[-0.25,-0.196259,-0.948147],"handId":91,"id":27,"length":66.5361,"stabilizedTipPosition":[-44.7675,196.625,-38.7509],"timeVisible":4.46662,"tipPosition":[-46.328,196.49,-37.8786],"tipVelocity":[-26.7288,-0.302977,9.33142],"tool":false,"touchDistance":-0.0780354,"touchZone":"touching"},{"direction":[0.289625,-0.321776,-0.901431],"handId":91,"id":41,"length":48.3132,"stabilizedTipPosition":[56.7031,157.472,-13.0508],"timeVisible":4.26699,"tipPosition":[56.013,158.755,-12.7572],"tipVelocity":[-19.2858,7.17006,10.1992],"tool":false,"touchDistance":0.304449,"touchZone":"hovering"},{"direction":[-0.73744,0.16224,-0.655638],"handId":91,"id":26,"length":29.2325,"stabilizedTipPosition":[-87.3816,184.949,62.5523],"timeVisible":4.32753,"tipPosition":[-88.6449,185.617,62.8925],"tipVelocity":[-6.17449,-2.04044,13.6611],"tool":false,"touchDistance":0.144977,"touchZone":"hovering"}],"r":[[-0.432785,-0.897717,-0.0824723],[0.740047,-0.40603,0.536162],[-0.514808,0.17101,0.840076]],"s":-22.4168,"t":[-1056.4,-1487.73,-1015.06],"timestamp":24233000100}
{"currentFrameRate":115.603,"gestures":[],"hands":[{"direction":[-0.0746451,0.18091,-0.980663],"id":91,"palmNormal":[-0.110611,-0.97884,-0.172155],"palmPosition":[-5.84346,182.925,48.4314],"palmVelocity":[-19.9765,0.0110232,19.3],"r":[[0.797009,0.599334,0.0746675],[-0.591323,0.749172,0.298461],[0.122939,-0.282029,0.951497]],"s":-5.15038,"sphereCenter":[-28.189,115.634,7.68196],"sphereRadius":93.882,"stabilizedPalmPosition":[-2.84726,182.358,46.2854],"t":[-62.7971,70.3182,64.919],"timeVisible":17.0758}],"id":12406,"interactionBox":{"center":[0,200,0],"size":[221.418,221.418,154.742]},"pointables":[{"direction":[0.0458499,-0.192352,-0.980254],"handId":91,"id":28,"length":60.1444,"stabilizedTipPosition":[2.62686,191.632,-55.167],"timeVisible":3.04397,"tipPosition":[0.943321,191.867,-54.5338],"tipVelocity":[-24.1987,-0.432212,-3.42722],"tool":false,"touchDistance":0.190716,"touchZone":"hovering"},{"direction":[0.0256133,-0.303868,-0.95237],"handId":91,"id":6,"length":51.0856,"stabilizedTipPosition":[24.3612,169.141,-44.5183],"timeVisible":2.92257,"tipPosition":[22.5077,169.896,-43.9908],"tipVelocity":[-23.6588,-2.74164,7.38402],"tool":false,"touchDistance":0.314844,"touchZone":"hovering"},{"direction":[-0.250467,-0.195983,-0.948081],"handId":91,"id":27,"length":66.5949,"stabilizedTipPosition":[-44.7966,196.624,-38.7348],"timeVisible":4.47511,"tipPosition":[-46.5807,196.539,-37.7508],"tipVelocity":[-27.5446,5.46072,14.1938],"tool":false,"touchDistance":-0.0759059,"touchZone":"touching"},{"direction":[0.290072,-0.320546,-0.901725],"handId":91,"id":41,"length":48.3233,"stabilizedTipPosition":[56.6978,157.481,-13.0486],"timeVisible":4.27548,"tipPosition":[55.8554,158.806,-12.6949],"tipVelocity":[-16.732,5.81948,6.61311],"tool":false,"touchDistance":0.305487,"touchZone":"hovering"},{"direction":[-0.737935,0.162259,-0.655075],"handId":91,"id":26,"length":29.2252,"stabilizedTipPosition":[-87.3917,184.954,62.556],"timeVisible":4.33601,"tipPosition":[-88.7879,185.625,63.0639],"tipVelocity":[-15.4973,0.866439,18.1979],"tool":false,"touchDistance":0.147833,"touchZone":"hovering"}],"r":[[-0.433174,-0.89757,-0.082028],[0.740003,-0.406129,0.536149],[-0.514545,0.171545,0.840128]],"s":-22.4164,"t":[-1056.61,-1487.71,-1014.98],"timestamp":24233008586}
{"currentFrameRate":116.16,"gestures":[],"hands":[{"direction":[-0.0749219,0.180541,-0.98071],"id":91,"palmNormal":[-0.109928,-0.978975,-0.171823],"palmPosition":[-6.0221,182.952,48.5989],"palmVelocity":[-20.9861,3.24352,19.6857],"r":[[0.796924,0.599374,0.0752579],[-0.59149,0.748934,0.298726],[0.122685,-0.282576,0.951367]],"s":-5.15013,"sphereCenter":[-28.322,115.551,7.7852],"sphereRadius":93.9526,"stabilizedPalmPosition":[-2.85801,182.36,46.2933],"t":[-62.9965,70.3706,65.0489],"timeVisible":17.0843}],"id":12407,"interactionBox":{"center":[0,200,0],"size":[221.418,221.418,154.742]},"pointables":[{"direction":[0.0454826,-0.193087,-0.980127],"handId":91,"id":28,"length":60.2334,"stabilizedTipPosition":[2.61311,191.634,-55.1618],"timeVisible":3.05249,"tipPosition":[0.72588,191.84,-54.439],"tipVelocity":[-24.3035,-2.94492,10.3068],"tool":false,"touchDistance":0.192297,"touchZone":"hovering"},{"direction":[0.0253016,-0.303575,-0.952472],"handId":91,"id":6,"length":51.1507,"stabilizedTipPosition":[24.3461,169.146,-44.5138],"timeVisible":2.93109,"tipPosition":[22.3006,169.91,-43.9038],"tipVelocity":[-23.0081,1.7579,9.64297],"tool":false,"touchDistance":0.316294,"touchZone":"hovering"},{"direction":[-0.251212,-0.194786,-0.94813],"handId":91,"id":27,"length":66.5895,"stabilizedTipPosition":[-44.8292,196.624,-38.716],"timeVisible":4.48362,"tipPosition":[-46.8016,196.616,-37.5787],"tipVelocity":[-24.2336,8.5256,19.0649],"tool":false,"touchDistance":-0.0730378,"touchZone":"touching"},{"direction":[0.290384,-0.319733,-0.901914],"handId":91,"id":41,"length":48.3327,"stabilizedTipPosition":[56.6916,157.489,-13.0459],"timeVisible":4.28399,"tipPosition":[55.7007,158.85,-12.6171],"tipVelocity":[-16.6058,4.96323,8.4069],"tool":false,"touchDistance":0.306784,"touchZone":"hovering"},{"direction":[-0.735289,0.158652,-0.658924],"handId":91,"id":26,"length":29.2528,"stabilizedTipPosition":[-87.403,184.96,62.561],"timeVisible":4.34453,"tipPosition":[-88.9507,185.773,63.2416],"tipVelocity":[-17.5765,15.5686,18.8962],"tool":false,"touchDistance":0.150795,"touchZone":"hovering"}],"r":[[-0.433262,-0.897581,-0.0814369],[0.73996,-0.405848,0.53642],[-0.514532,0.172151,0.840013]],"s":-22.4161,"t":[-1056.81,-1487.65,-1014.85],"timestamp":24233017098}
{"currentFrameRate":115.427,"gestures":[],"hands":[{"direction":[-0.0749671,0.181184,-0.980588],"id":91,"palmNormal":[-0.110046,-0.978852,-0.17245],"palmPosition":[-6.16302,182.94,48.7182],"palmVelocity":[-16.0302,-1.37311,13.567],"r":[[0.796903,0.599351,0.0756536],[-0.591555,0.748806,0.29892],[0.122508,-0.282963,0.951275]],"s":-5.14966,"sphereCenter":[-28.4127,115.553,7.88928],"sphereRadius":93.9426,"stabilizedPalmPosition":[-2.86954,182.362,46.3017],"t":[-63.1658,70.334,65.1253],"timeVisible":17.0931}],"id":12408,"interactionBox":{"center":[0,200,0],"size":[221.418,221.418,154.742]},"pointables":[{"direction":[0.0451284,-0.192609,-0.980237],"handId":91,"id":28,"length":60.2317,"stabilizedTipPosition":[2.59738,191.636,-55.1558],"timeVisible":3.06128,"tipPosition":[0.5235,191.864,-54.3706],"tipVelocity":[-22.461,2.44937,7.51727],"tool":false,"touchDistance":0.193437,"touchZone":"hovering"},{"direction":[0.0250455,-0.303541,-0.952489],"handId":91,"id":6,"length":51.2079,"stabilizedTipPosition":[24.3292,169.152,-44.5093],"timeVisible":2.93988,"tipPosition":[22.1172,169.834,-43.9092],"tipVelocity":[-20.5104,-7.7729,-0.0244284],"tool":false,"touchDistance":0.316204,"touchZone":"hovering"},{"direction":[-0.251665,-0.194349,-0.9481],"handId":91,"id":27,"length":66.5791,"stabilizedTipPosition":[-44.8656,196.622,-38.6945],"timeVisible":4.49241,"tipPosition":[-46.9723,196.504,-37.4483],"tipVelocity":[-18.7323,-11.4603,14.4462],"tool":false,"touchDistance":-0.0708634,"touchZone":"touching"},{"direction":[0.290797,-0.318477,-0.902225],"handId":91,"id":41,"length":48.3319,"stabilizedTipPosition":[56.6843,157.498,-13.0429],"timeVisible":4.29278,"tipPosition":[55.5743,158.831,-12.5907],"tipVelocity":[-13.6388,-1.67507,2.99791],"tool":false,"touchDistance":0.307224,"touchZone":"hovering"},{"direction":[-0.734361,0.158957,-0.659884],"handId":91,"id":26,"length":29.2222,"stabilizedTipPosition":[-87.4164,184.967,62.5673],"timeVisible":4.35332,"tipPosition":[-89.1949,185.857,63.3995],"tipVelocity":[-25.5212,8.8241,16.6371],"tool":false,"touchDistance":0.153427,"touchZone":"hovering"}],"r":[[-0.433374,-0.897562,-0.0810564],[0.7399,-0.405709,0.536608],[-0.514525,0.172578,0.839929]],"s":-22.4157,"t":[-1056.98,-1487.69,-1014.77],"timestamp":24233025889}
{"currentFrameRate":115.666,"gestures":[],"hands":[{"direction":[-0.0751555,0.181378,-0.980537],"id":91,"palmNormal":[-0.10987,-0.978838,-0.172642],"palmPosition":[-6.27835,182.93,48.8342],"palmVelocity":[-13.405,-1.22891,13.4877],"r":[[0.796988,0.599192,0.0760203],[-0.591508,0.748845,0.298914],[0.122179,-0.283197,0.951247]],"s":-5.14963,"sphereCenter":[-28.5479,115.444,7.99976],"sphereRadius":94.0349,"stabilizedPalmPosition":[-2.88111,182.364,46.3103],"t":[-63.2948,70.3282,65.2178],"timeVisible":17.1017}],"id":12409,"interactionBox":{"center":[0,200,0],"size":[221.418,221.418,154.742]},"pointables":[{"direction":[0.0448746,-0.193099,-0.980153],"handId":91,"id":28,"length":60.1691,"stabilizedTipPosition":[2.58071,191.637,-55.1487],"timeVisible":3.06988,"tipPosition":[0.351639,191.87,-54.1925],"tipVelocity":[-19.2568,0.549481,19.4369],"tool":false,"touchDistance":0.196406,"touchZone":"hovering"},{"direction":[0.0246929,-0.303643,-0.952466],"handId":91,"id":6,"length":51.1678,"stabilizedTipPosition":[24.3116,169.157,-44.504],"timeVisible":2.94848,"tipPosition":[21.9678,169.843,-43.807],"tipVelocity":[-16.9945,1.21126,11.3814],"tool":false,"touchDistance":0.317907,"touchZone":"hovering"},{"direction":[-0.25197,-0.194711,-0.947944],"handId":91,"id":27,"length":66.6348,"stabilizedTipPosition":[-44.9041,196.619,-38.672],"timeVisible":4.50102,"tipPosition":[-47.1503,196.485,-37.3578],"tipVelocity":[-19.6551,-1.67604,10.1903],"tool":false,"touchDistance":-0.0693559,"touchZone":"touching"},{"direction":[0.290988,-0.317602,-0.902472],"handId":91,"id":41,"length":48.3348,"stabilizedTipPosition":[56.6766,157.506,-13.0397],"timeVisible":4.30138,"tipPosition":[55.468,158.828,-12.5415],"tipVelocity":[-11.7902,-0.116149,5.49997],"tool":false,"touchDistance":0.308044,"touchZone":"hovering"},{"direction":[-0.732685,0.155265,-0.66262],"handId":91,"id":26,"length":29.229,"stabilizedTipPosition":[-87.4304,184.973,62.5744],"timeVisible":4.36192,"tipPosition":[-89.3352,185.867,63.5466],"tipVelocity":[-14.9803,1.26184,15.6506],"tool":false,"touchDistance":0.155879,"touchZone":"hovering"}],"r":[[-0.433626,-0.897468,-0.080749],[0.73988,-0.405765,0.536594],[-0.514341,0.172937,0.839968]],"s":-22.4156,"t":[-1057.11,-1487.7,-1014.68],"timestamp":24233034493}
{"currentFrameRate":114.859,"gestures":[],"hands":[{"direction":[-0.0754375,0.180997,-0.980586],"id":91,"palmNormal":[-0.109753,-0.978921,-0.172246],"palmPosition":[-6.38625,182.93,48.9374],"palmVelocity":[-12.1941,0.0370865,11.6575],"r":[[0.797152,0.598974,0.0760187],[-0.591319,0.749044,0.298787],[0.122024,-0.28313,0.951287]],"s":-5.14957,"sphereCenter":[-28.629,115.512,8.06077],"sphereRadius":93.9658,"stabilizedPalmPosition":[-2.89329,182.366,46.3194],"t":[-63.4107,70.3464,65.3137],"timeVisible":17.1106}],"id":12410,"interactionBox":{"center":[0,200,0],"size":[221.418,221.418,154.742]},"pointables":[{"direction":[0.0446112,-0.193761,-0.980034],"handId":91,"id":28,"length":60.1792,"stabilizedTipPosition":[2.56246,191.639,-55.1406],"timeVisible":3.07873,"tipPosition":[0.201753,191.89,-54.1021],"tipVelocity":[-16.4601,2.09457,9.8075],"tool":false,"touchDistance":0.197911,"touchZone":"hovering"},{"direction":[0.0245206,-0.30336,-0.95256],"handId":91,"id":6,"length":51.1254,"stabilizedTipPosition":[24.2927,169.162,-44.4976],"timeVisible":2.95733,"tipPosition":[21.8494,169.883,-43.6703],"tipVelocity":[-13.3274,4.32542,14.6903],"tool":false,"touchDistance":0.320186,"touchZone":"hovering"},{"direction":[-0.252431,-0.194549,-0.947855],"handId":91,"id":27,"length":66.6326,"stabilizedTipPosition":[-44.9462,196.617,-38.6473],"timeVisible":4.50987,"tipPosition":[-47.304,196.486,-37.262],"tipVelocity":[-16.8297,0.327891,10.5547],"tool":false,"touchDistance":-0.067759,"touchZone":"touching"},{"direction":[0.291539,-0.316455,-0.902697],"handId":91,"id":41,"length":48.341,"stabilizedTipPosition":[56.6681,157.515,-13.036],"timeVisible":4.31023,"tipPosition":[55.3807,158.848,-12.4694],"tipVelocity":[-9.68028,2.3023,7.79318],"tool":false,"touchDistance":0.309245,"touchZone":"hovering"},{"direction":[-0.732689,0.155897,-0.662468],"handId":91,"id":26,"length":29.1721,"stabilizedTipPosition":[-87.4459,184.98,62.5823],"timeVisible":4.37077,"tipPosition":[-89.5052,185.819,63.6308],"tipVelocity":[-17.7862,-4.68106,9.13793],"tool":false,"touchDistance":0.157282,"touchZone":"hovering"}],"r":[[-0.43386,-0.897348,-0.0808215],[0.739846,-0.406025,0.536444],[-0.514192,0.172946,0.840057]],"s":-22.4156,"t":[-1057.22,-1487.68,-1014.59],"timestamp":24233043341}
{"currentFrameRate":115.613,"gestures":[],"hands":[{"direction":[-0.0757928,0.181173,-0.980526],"id":91,"palmNormal":[-0.109342,-0.978935,-0.172427],"palmPosition":[-6.45348,182.882,49.0305],"palmVelocity":[-7.89443,-5.64054,10.9372],"r":[[0.797426,0.598573,0.0763029],[-0.59103,0.749297,0.298726],[0.121636,-0.283309,0.951284]],"s":-5.15014,"sphereCenter":[-28.763,115.374,8.1529],"sphereRadius":94.0809,"stabilizedPalmPosition":[-2.90509,182.368,46.3284],"t":[-63.4865,70.2754,65.3439],"timeVisible":17.1191}],"id":12411,"interactionBox":{"center":[0,200,0],"size":[221.418,221.418,154.742]},"pointables":[{"direction":[0.0444564,-0.194319,-0.979931],"handId":91,"id":28,"length":60.3684,"stabilizedTipPosition":[2.54418,191.641,-55.1332],"timeVisible":3.08724,"tipPosition":[0.0972837,191.829,-54.1408],"tipVelocity":[-12.0036,-6.58074,-3.92002],"tool":false,"touchDistance":0.197266,"touchZone":"hovering"},{"direction":[0.0243146,-0.303375,-0.952561],"handId":91,"id":6,"length":51.2445,"stabilizedTipPosition":[24.2739,169.168,-44.4906],"timeVisible":2.96585,"tipPosition":[21.7609,169.914,-43.5477],"tipVelocity":[-10.3591,3.33497,13.3791],"tool":false,"touchDistance":0.322229,"touchZone":"hovering"},{"direction":[-0.252739,-0.194276,-0.947829],"handId":91,"id":27,"length":66.6418,"stabilizedTipPosition":[-44.9882,196.614,-38.6229],"timeVisible":4.51838,"tipPosition":[-47.4129,196.425,-37.2171],"tipVelocity":[-12.4131,-6.4806,5.31737],"tool":false,"touchDistance":-0.0670111,"touchZone":"touching"},{"direction":[0.291804,-0.315934,-0.902793],"handId":91,"id":41,"length":48.3389,"stabilizedTipPosition":[56.6597,157.524,-13.0321],"timeVisible":4.31875,"tipPosition":[55.3186,158.893,-12.4043],"tipVelocity":[-7.2344,5.09611,7.25566],"tool":false,"touchDistance":0.31033,"touchZone":"hovering"},{"direction":[-0.730488,0.153603,-0.665427],"handId":91,"id":26,"length":29.1485,"stabilizedTipPosition":[-87.4602,184.985,62.59],"timeVisible":4.37928,"tipPosition":[-89.4471,185.736,63.6559],"tipVelocity":[5.64464,-8.26923,3.18505],"tool":false,"touchDistance":0.1577,"touchZone":"hovering"}],"r":[[-0.434353,-0.897123,-0.0806732],[0.739731,-0.406379,0.536334],[-0.513941,0.173282,0.840142]],"s":-22.4162,"t":[-1057.3,-1487.75,-1014.56],"timestamp":24233051858}
{"currentFrameRate":115.359,"gestures":[],"hands":[{"direction":[-0.0760876,0.181228,-0.980493],"id":91,"palmNormal":[-0.10922,-0.978942,-0.172465],"palmPosition":[-6.49857,182.888,49.0943],"palmVelocity":[-5.17473,0.681114,7.3172],"r":[[0.797553,0.598447,0.075964],[-0.590789,0.749402,0.298941],[0.121973,-0.2833,0.951243]],"s":-5.14935,"sphereCenter":[-28.859,115.312,8.20216],"sphereRadius":94.1306,"stabilizedPalmPosition":[-2.91714,182.369,46.3377],"t":[-63.5728,70.3503,65.434],"timeVisible":17.1278}],"id":12412,"interactionBox":{"center":[0,200,0],"size":[221.418,221.418,154.742]},"pointables":[{"direction":[0.0443509,-0.194257,-0.979948],"handId":91,"id":28,"length":60.2792,"stabilizedTipPosition":[2.52485,191.643,-55.1249],"timeVisible":3.09596,"tipPosition":[0.00476025,191.89,-54.0336],"tipVelocity":[-10.5362,6.43232,11.6192],"tool":false,"touchDistance":0.199053,"touchZone":"hovering"},{"direction":[0.0242481,-0.302462,-0.952853],"handId":91,"id":6,"length":51.2036,"stabilizedTipPosition":[24.2544,169.174,-44.4829],"timeVisible":2.97456,"tipPosition":[21.6994,170.019,-43.4715],"tipVelocity":[-7.26467,11.1578,8.21939],"tool":false,"touchDistance":0.323499,"touchZone":"hovering"},{"direction":[-0.252944,-0.193796,-0.947873],"handId":91,"id":27,"length":66.5726,"stabilizedTipPosition":[-45.0339,196.608,-38.6044],"timeVisible":4.5271,"tipPosition":[-47.5876,196.302,-37.5711],"tipVelocity":[-19.3422,-13.347,-36.7925],"tool":false,"touchDistance":-0.0729105,"touchZone":"touching"},{"direction":[0.29176,-0.316103,-0.902748],"handId":91,"id":41,"length":48.3468,"stabilizedTipPosition":[56.6506,157.533,-13.0274],"timeVisible":4.32746,"tipPosition":[55.2428,158.918,-12.3067],"tipVelocity":[-8.52595,2.84377,10.5703],"tool":false,"touchDistance":0.311957,"touchZone":"hovering"},{"direction":[-0.729042,0.151609,-0.667467],"handId":91,"id":26,"length":29.1193,"stabilizedTipPosition":[-87.4761,184.991,62.5989],"timeVisible":4.388,"tipPosition":[-89.6258,185.776,63.8067],"tipVelocity":[-18.5242,4.25579,15.9405],"tool":false,"touchDistance":0.160214,"touchZone":"hovering"}],"r":[[-0.434414,-0.897059,-0.0810463],[0.739508,-0.406587,0.536484],[-0.51421,0.173122,0.84001]],"s":-22.4154,"t":[-1057.38,-1487.67,-1014.47],"timestamp":24233060571}
{"currentFrameRate":115.218,"gestures":[],"hands":[{"direction":[-0.0765921,0.180258,-0.980633],"id":91,"palmNormal":[-0.108715,-0.979168,-0.171498],"palmPosition":[-6.50811,182.905,49.0957],"palmVelocity":[-1.09539,1.92639,0.161036],"r":[[0.797908,0.597976,0.0759428],[-0.590388,0.749865,0.29857],[0.121591,-0.283067,0.951362]],"s":-5.14976,"sphereCenter":[-28.8931,115.343,8.24247],"sphereRadius":94.0986,"stabilizedPalmPosition":[-2.92916,182.371,46.3469],"t":[-63.5518,70.4485,65.5019],"timeVisible":17.1365}],"id":12413,"interactionBox":{"center":[0,200,0],"size":[221.418,221.418,154.742]},"pointables":[{"direction":[0.0444158,-0.194122,-0.979971],"handId":91,"id":28,"length":60.2069,"stabilizedTipPosition":[2.50519,191.645,-55.1159],"timeVisible":3.10466,"tipPosition":[-0.0547966,191.977,-53.9488],"tipVelocity":[-7.04868,9.1831,9.29324],"tool":false,"touchDistance":0.200468,"touchZone":"hovering"},{"direction":[0.0241211,-0.302824,-0.952741],"handId":91,"id":6,"length":51.1716,"stabilizedTipPosition":[24.2347,169.181,-44.4745],"timeVisible":2.98326,"tipPosition":[21.6553,170.089,-43.3846],"tipVelocity":[-5.41932,7.43149,9.40231],"tool":false,"touchDistance":0.324948,"touchZone":"hovering"},{"direction":[-0.253151,-0.193218,-0.947935],"handId":91,"id":27,"length":66.573,"stabilizedTipPosition":[-45.0798,196.604,-38.5835],"timeVisible":4.5358,"tipPosition":[-47.615,196.357,-37.4256],"tipVelocity":[-4.12851,5.13808,14.506],"tool":false,"touchDistance":-0.0704863,"touchZone":"touching"},{"direction":[0.292214,-0.31537,-0.902858],"handId":91,"id":41,"length":48.3616,"stabilizedTipPosition":[56.6417,157.542,-13.0225],"timeVisible":4.33616,"tipPosition":[55.2408,159.014,-12.2583],"tipVelocity":[-0.754355,10.3346,5.38809],"tool":false,"touchDistance":0.312763,"touchZone":"hovering"},{"direction":[-0.728144,0.150296,-0.668744],"handId":91,"id":26,"length":29.1025,"stabilizedTipPosition":[-87.4919,184.996,62.6079],"timeVisible":4.3967,"tipPosition":[-89.6406,185.66,63.8339],"tipVelocity":[-1.95329,-11.7715,3.35634],"tool":false,"touchDistance":0.160667,"touchZone":"hovering"}],"r":[[-0.434915,-0.896801,-0.0812198],[0.739485,-0.407173,0.536072],[-0.51382,0.173085,0.840256]],"s":-22.4158,"t":[-1057.36,-1487.58,-1014.4],"timestamp":24233069275}
