{"data":{"currentFrameRate":40.7248,"gestures":[],"hands":[{"direction":[0.0724389,0.135226,-0.988163],"id":61,"palmNormal":[0.121329,-0.984603,-0.125844],"palmPosition":[-15.5213,99.8017,51.7843],"palmVelocity":[1.09015,1.4816,-6.02476],"r":[[0.976239,0.116355,-0.182809],[-0.113678,0.993201,0.0250916],[0.184486,-0.00371403,0.982828]],"s":1.33872,"sphereCenter":[-19.0218,90.6492,10.0311],"sphereRadius":53.4852,"stabilizedPalmPosition":[-16.2127,98.5212,50.2525],"t":[17.4664,46.8701,-47.8415],"timeVisible":10.7331}],"id":21382,"interactionBox":{"center":[0,200,0],"size":[221.418,221.418,154.742]},"pointables":[{"direction":[-0.0215357,0.197696,-0.980027],"handId":61,"id":37,"length":76.6157,"stabilizedTipPosition":[-20.553,117.944,-50.7217],"timeVisible":9.77893,"tipPosition":[-19.43,119.916,-49.6671],"tipVelocity":[0.457506,2.85036,-3.24409],"tool":false,"touchDistance":0.130725,"touchZone":"hovering"},{"direction":[-0.0896031,-0.00702711,-0.995953],"handId":61,"id":47,"length":69.0345,"stabilizedTipPosition":[-48.4464,107.996,-43.0927],"timeVisible":9.80595,"tipPosition":[-47.2908,109.376,-41.8742],"tipVelocity":[0.713996,1.72962,-0.210421],"tool":false,"touchDistance":0.10762,"touchZone":"hovering"},{"direction":[0.164806,0.172144,-0.971188],"handId":61,"id":45,"length":63.9799,"stabilizedTipPosition":[17.1066,114.064,-36.1806],"timeVisible":9.83314,"tipPosition":[18.4366,115.962,-34.8692],"tipVelocity":[0.864501,1.88783,-1.93187],"tool":false,"touchDistance":0.118249,"touchZone":"hovering"},{"direction":[-0.396555,0.183816,-0.89942],"handId":61,"id":81,"length":49.2468,"stabilizedTipPosition":[-81.6816,99.951,-12.2403],"timeVisible":9.74343,"tipPosition":[-80.8044,101.518,-11.126],"tipVelocity":[1.88611,0.977999,0.791555],"tool":false,"touchDistance":0.124221,"touchZone":"hovering"},{"direction":[0.616671,0.5712,-0.541708],"handId":61,"id":21,"length":31.1404,"stabilizedTipPosition":[63.8488,109.881,64.1138],"timeVisible":9.70665,"tipPosition":[61.7414,115.265,65.9307],"tipVelocity":[-2.10929,-1.96401,3.46075],"tool":false,"touchDistance":0.086082,"touchZone":"hovering"}],"r":[[0.448362,0.159609,0.879486],[0.645289,-0.738654,-0.194918],[0.618526,0.654916,-0.434178]],"s":-39.6629,"t":[1789.51,387.266,5452.14],"timestamp":4302039999},"_rotation":[0.448362,0.159609,0.879486,0.645289,-0.738654,-0.194918,0.618526,0.654916,-0.434178]}
{"data":{"currentFrameRate":40.8566,"gestures":[],"hands":[{"direction":[0.0725746,0.135175,-0.98816],"id":61,"palmNormal":[0.121634,-0.984577,-0.125751],"palmPosition":[-15.5631,99.834,51.8126],"palmVelocity":[-1.71796,1.32689,1.16263],"r":[[0.976291,0.11629,-0.182571],[-0.113618,0.993208,0.0250656],[0.184246,-0.00372808,0.982873]],"s":1.33862,"sphereCenter":[-18.994,90.6217,9.9853],"sphereRadius":53.484,"stabilizedPalmPosition":[-16.2086,98.5296,50.2625],"t":[17.4311,46.8988,-47.8126],"timeVisible":10.7574}],"id":21383,"interactionBox":{"center":[0,200,0],"size":[221.418,221.418,154.742]},"pointables":[{"direction":[-0.0215549,0.197701,-0.980025],"handId":61,"id":37,"length":76.6264,"stabilizedTipPosition":[-20.5409,117.966,-50.7103],"timeVisible":9.80322,"tipPosition":[-19.4629,119.947,-49.7014],"tipVelocity":[-0.893123,1.4773,-1.14859],"tool":false,"touchDistance":0.130153,"touchZone":"hovering"},{"direction":[-0.089532,-0.00695107,-0.99596],"handId":61,"id":47,"length":69.0433,"stabilizedTipPosition":[-48.4339,108.011,-43.0795],"timeVisible":9.83024,"tipPosition":[-47.3152,109.409,-41.9005],"tipVelocity":[-0.652867,1.39231,-0.823787],"tool":false,"touchDistance":0.107181,"touchZone":"hovering"},{"direction":[0.164804,0.172156,-0.971186],"handId":61,"id":45,"length":63.9885,"stabilizedTipPosition":[17.1209,114.085,-36.166],"timeVisible":9.85743,"tipPosition":[18.4021,116.002,-34.8579],"tipVelocity":[-0.997144,1.74805,0.515666],"tool":false,"touchDistance":0.118436,"touchZone":"hovering"},{"direction":[-0.396552,0.18373,-0.899439],"handId":61,"id":81,"length":49.2593,"stabilizedTipPosition":[-81.6711,99.9684,-12.2263],"timeVisible":9.76772,"tipPosition":[-80.7403,101.512,-10.9807],"tipVelocity":[2.30984,0.119372,5.02641],"tool":false,"touchDistance":0.126643,"touchZone":"hovering"},{"direction":[0.616926,0.570022,-0.542658],"handId":61,"id":21,"length":31.1718,"stabilizedTipPosition":[63.8389,109.906,64.122],"timeVisible":9.73094,"tipPosition":[61.7531,115.304,65.8721],"tipVelocity":[0.460485,1.58335,-1.59203],"tool":false,"touchDistance":0.0851054,"touchZone":"hovering"}],"r":[[0.448473,0.159815,0.879392],[0.645307,-0.738654,-0.194856],[0.618426,0.654866,-0.434396]],"s":-39.663,"t":[1789.48,387.295,5452.17],"timestamp":4302064290},"_rotation":[0.448473,0.159815,0.879392,0.645307,-0.738654,-0.194856,0.618426,0.654866,-0.434396]}
{"data":{"currentFrameRate":40.7741,"gestures":[],"hands":[{"direction":[0.0727239,0.13515,-0.988153],"id":61,"palmNormal":[0.121733,-0.984571,-0.125701],"palmPosition":[-15.5713,99.8327,51.6546],"palmVelocity":[-0.334792,-0.0530202,-6.40858],"r":[[0.976359,0.116128,-0.182311],[-0.11343,0.993227,0.0251909],[0.184001,-0.00391585,0.982918]],"s":1.33868,"sphereCenter":[-18.9521,90.2373,9.89075],"sphereRadius":53.598,"stabilizedPalmPosition":[-16.2045,98.538,50.2715],"t":[17.376,46.9349,-47.8774],"timeVisible":10.782}],"id":21384,"interactionBox":{"center":[0,200,0],"size":[221.418,221.418,154.742]},"pointables":[{"direction":[-0.0215458,0.197293,-0.980108],"handId":61,"id":37,"length":76.6217,"stabilizedTipPosition":[-20.5294,117.989,-50.699],"timeVisible":9.82786,"tipPosition":[-19.519,119.943,-49.7041],"tipVelocity":[-1.71126,0.289731,-0.130789],"tool":false,"touchDistance":0.130108,"touchZone":"hovering"},{"direction":[-0.0894945,-0.00707637,-0.995962],"handId":61,"id":47,"length":69.045,"stabilizedTipPosition":[-48.4221,108.027,-43.0675],"timeVisible":9.85488,"tipPosition":[-47.3719,109.428,-42.0052],"tipVelocity":[-1.78019,0.912047,-3.53194],"tool":false,"touchDistance":0.105436,"touchZone":"hovering"},{"direction":[0.164876,0.172276,-0.971152],"handId":61,"id":45,"length":63.9898,"stabilizedTipPosition":[17.1346,114.107,-36.1512],"timeVisible":9.88207,"tipPosition":[18.3475,116.044,-34.8394],"tipVelocity":[-1.69342,1.75228,0.733649],"tool":false,"touchDistance":0.118744,"touchZone":"hovering"},{"direction":[-0.396738,0.183933,-0.899315],"handId":61,"id":81,"length":49.269,"stabilizedTipPosition":[-81.6613,99.9862,-12.2126],"timeVisible":9.79236,"tipPosition":[-80.8016,101.549,-11.0124],"tipVelocity":[-1.9138,1.55937,-0.961947],"tool":false,"touchDistance":0.126114,"touchZone":"hovering"},{"direction":[0.617488,0.571991,-0.539941],"handId":61,"id":21,"length":31.2281,"stabilizedTipPosition":[63.8293,109.933,64.1299],"timeVisible":9.75558,"tipPosition":[61.8346,115.425,65.7709],"tipVelocity":[2.64614,4.13804,-2.96259],"tool":false,"touchDistance":0.0834178,"touchZone":"hovering"}],"r":[[0.448536,0.16011,0.879307],[0.645476,-0.738526,-0.194783],[0.618204,0.654938,-0.434603]],"s":-39.6629,"t":[1789.42,387.331,5452.11],"timestamp":4302088931},"_rotation":[0.448536,0.16011,0.879307,0.645476,-0.738526,-0.194783,0.618204,0.654938,-0.434603]}
{"data":{"currentFrameRate":40.6812,"gestures":[],"hands":[{"direction":[0.0728058,0.135426,-0.988109],"id":61,"palmNormal":[0.121732,-0.984537,-0.125967],"palmPosition":[-15.6475,99.8438,51.6267],"palmVelocity":[-3.08191,0.45141,-1.13108],"r":[[0.976359,0.116049,-0.182363],[-0.113351,0.993236,0.0251803],[0.184051,-0.00391386,0.982909]],"s":1.33851,"sphereCenter":[-18.9244,89.8605,9.79058],"sphereRadius":53.7297,"stabilizedPalmPosition":[-16.2009,98.5464,50.2802],"t":[17.3184,46.978,-47.8979],"timeVisible":10.8068}],"id":21385,"interactionBox":{"center":[0,200,0],"size":[221.418,221.418,154.742]},"pointables":[{"direction":[-0.021618,0.197205,-0.980124],"handId":61,"id":37,"length":76.6346,"stabilizedTipPosition":[-20.5186,118.011,-50.6877],"timeVisible":9.85257,"tipPosition":[-19.5781,119.964,-49.6938],"tipVelocity":[-1.84366,1.10902,0.288862],"tool":false,"touchDistance":0.130281,"touchZone":"hovering"},{"direction":[-0.089557,-0.00717844,-0.995956],"handId":61,"id":47,"length":69.0506,"stabilizedTipPosition":[-48.4111,108.043,-43.0556],"timeVisible":9.87959,"tipPosition":[-47.4375,109.46,-41.9935],"tipVelocity":[-2.11234,1.36443,0.40035],"tool":false,"touchDistance":0.10563,"touchZone":"hovering"},{"direction":[0.164889,0.172546,-0.971102],"handId":61,"id":45,"length":63.9925,"stabilizedTipPosition":[17.1476,114.129,-36.1367],"timeVisible":9.90678,"tipPosition":[18.2965,116.098,-34.8626],"tipVelocity":[-1.59678,2.19448,-0.698789],"tool":false,"touchDistance":0.118357,"touchZone":"hovering"},{"direction":[-0.396446,0.18387,-0.899457],"handId":61,"id":81,"length":49.2532,"stabilizedTipPosition":[-81.6523,100.004,-12.1998],"timeVisible":9.81707,"tipPosition":[-80.8688,101.565,-11.0766],"tipVelocity":[-2.103,0.841893,-2.04984],"tool":false,"touchDistance":0.125043,"touchZone":"hovering"},{"direction":[0.617287,0.572017,-0.540142],"handId":61,"id":21,"length":31.271,"stabilizedTipPosition":[63.8194,109.959,64.1376],"timeVisible":9.78029,"tipPosition":[61.7617,115.475,65.722],"tipVelocity":[-2.20339,1.91131,-1.35636],"tool":false,"touchDistance":0.0826033,"touchZone":"hovering"}],"r":[[0.448454,0.160135,0.879344],[0.645513,-0.738511,-0.194715],[0.618225,0.654949,-0.434557]],"s":-39.6631,"t":[1789.37,387.374,5452.09],"timestamp":4302113643},"_rotation":[0.448454,0.160135,0.879344,0.645513,-0.738511,-0.194715,0.618225,0.654949,-0.434557]}
{"data":{"currentFrameRate":40.5715,"gestures":[],"hands":[{"direction":[0.0728934,0.135609,-0.988077],"id":61,"palmNormal":[0.121933,-0.984493,-0.126122],"palmPosition":[-15.6629,99.8691,51.5333],"palmVelocity":[-0.622691,1.01916,-3.76352],"r":[[0.97638,0.115946,-0.182314],[-0.113235,0.993247,0.0252449],[0.18401,-0.0040043,0.982916]],"s":1.33866,"sphereCenter":[-18.9035,89.7065,9.74431],"sphereRadius":53.7857,"stabilizedPalmPosition":[-16.1975,98.5548,50.2881],"t":[17.2841,47.0199,-47.8882],"timeVisible":10.8316}],"id":21386,"interactionBox":{"center":[0,200,0],"size":[221.418,221.418,154.742]},"pointables":[{"direction":[-0.0217253,0.197205,-0.980122],"handId":61,"id":37,"length":76.6352,"stabilizedTipPosition":[-20.5086,118.033,-50.6771],"timeVisible":9.87738,"tipPosition":[-19.6337,120.005,-49.7553],"tipVelocity":[-1.77662,1.73169,-2.10953],"tool":false,"touchDistance":0.129255,"touchZone":"hovering"},{"direction":[-0.0895556,-0.00734224,-0.995955],"handId":61,"id":47,"length":69.059,"stabilizedTipPosition":[-48.4006,108.059,-43.0431],"timeVisible":9.9044,"tipPosition":[-47.4723,109.457,-41.9426],"tipVelocity":[-1.10511,0.136397,1.71774],"tool":false,"touchDistance":0.106479,"touchZone":"hovering"},{"direction":[0.164806,0.172623,-0.971103],"handId":61,"id":45,"length":63.9925,"stabilizedTipPosition":[17.1599,114.152,-36.1225],"timeVisible":9.93159,"tipPosition":[18.2437,116.109,-34.8683],"tipVelocity":[-1.69253,0.717864,-0.121392],"tool":false,"touchDistance":0.118262,"touchZone":"hovering"},{"direction":[-0.396559,0.18386,-0.899409],"handId":61,"id":81,"length":49.267,"stabilizedTipPosition":[-81.644,100.022,-12.1874],"timeVisible":9.84188,"tipPosition":[-80.9168,101.59,-11.1004],"tipVelocity":[-1.49704,1.13328,-0.715498],"tool":false,"touchDistance":0.124648,"touchZone":"hovering"},{"direction":[0.617175,0.571366,-0.540958],"handId":61,"id":21,"length":31.2613,"stabilizedTipPosition":[63.8094,109.986,64.1453],"timeVisible":9.80509,"tipPosition":[61.7615,115.543,65.7237],"tipVelocity":[0.0512362,2.46395,0.197429],"tool":false,"touchDistance":0.0826324,"touchZone":"hovering"}],"r":[[0.448421,0.160245,0.879341],[0.645611,-0.73844,-0.194662],[0.618147,0.655002,-0.434588]],"s":-39.6629,"t":[1789.33,387.416,5452.09],"timestamp":4302138446},"_rotation":[0.448421,0.160245,0.879341,0.645611,-0.73844,-0.194662,0.618147,0.655002,-0.434588]}
{"data":{"currentFrameRate":40.7844,"gestures":[],"hands":[{"direction":[0.0729937,0.135461,-0.98809],"id":61,"palmNormal":[0.121866,-0.98452,-0.125969],"palmPosition":[-15.7035,99.8557,51.6202],"palmVelocity":[-1.67422,-0.55076,3.58705],"r":[[0.976408,0.115895,-0.182199],[-0.113186,0.993253,0.0252339],[0.183894,-0.00401619,0.982938]],"s":1.33872,"sphereCenter":[-18.9189,89.7742,9.74431],"sphereRadius":53.7691,"stabilizedPalmPosition":[-16.1945,98.5627,50.2962],"t":[17.2883,47.0441,-47.8723],"timeVisible":10.8558}],"id":21387,"interactionBox":{"center":[0,200,0],"size":[221.418,221.418,154.742]},"pointables":[{"direction":[-0.0217338,0.19727,-0.980108],"handId":61,"id":37,"length":76.645,"stabilizedTipPosition":[-20.4991,118.055,-50.6672],"timeVisible":9.9016,"tipPosition":[-19.6444,120.035,-49.7718],"tipVelocity":[-0.313462,1.34993,-0.623274],"tool":false,"touchDistance":0.128979,"touchZone":"hovering"},{"direction":[-0.0894493,-0.00745377,-0.995963],"handId":61,"id":47,"length":69.0686,"stabilizedTipPosition":[-48.3905,108.074,-43.0307],"timeVisible":9.92862,"tipPosition":[-47.4723,109.456,-41.9019],"tipVelocity":[0.0589136,0.192726,1.39486],"tool":false,"touchDistance":0.107158,"touchZone":"hovering"},{"direction":[0.164783,0.172909,-0.971056],"handId":61,"id":45,"length":63.9948,"stabilizedTipPosition":[17.1717,114.173,-36.1091],"timeVisible":9.95581,"tipPosition":[18.2367,116.125,-34.8977],"tipVelocity":[-0.168395,0.893366,-0.962864],"tool":false,"touchDistance":0.117773,"touchZone":"hovering"},{"direction":[-0.396506,0.18392,-0.89942],"handId":61,"id":81,"length":49.2794,"stabilizedTipPosition":[-81.6362,100.039,-12.1754],"timeVisible":9.8661,"tipPosition":[-80.933,101.589,-11.1028],"tipVelocity":[-0.468083,0.221546,-0.0227172],"tool":false,"touchDistance":0.124607,"touchZone":"hovering"},{"direction":[0.617391,0.572111,-0.539923],"handId":61,"id":21,"length":31.2809,"stabilizedTipPosition":[63.7998,110.013,64.1527],"timeVisible":9.82931,"tipPosition":[61.7764,115.559,65.7047],"tipVelocity":[0.52279,0.822728,-0.492449],"tool":false,"touchDistance":0.0823152,"touchZone":"hovering"}],"r":[[0.448462,0.160359,0.879299],[0.645631,-0.738434,-0.194617],[0.618095,0.654982,-0.434692]],"s":-39.6629,"t":[1789.34,387.441,5452.11],"timestamp":4302162665},"_rotation":[0.448462,0.160359,0.879299,0.645631,-0.738434,-0.194617,0.618095,0.654982,-0.434692]}
{"data":{"currentFrameRate":40.6943,"gestures":[],"hands":[{"direction":[0.0730708,0.135382,-0.988095],"id":61,"palmNormal":[0.121806,-0.984538,-0.125887],"palmPosition":[-15.7192,99.8499,51.7498],"palmVelocity":[-0.635637,-0.234971,5.24665],"r":[[0.976401,0.115779,-0.182309],[-0.113051,0.993267,0.0253198],[0.184013,-0.00411214,0.982915]],"s":1.33859,"sphereCenter":[-18.9028,89.581,9.68848],"sphereRadius":53.8263,"stabilizedPalmPosition":[-16.1916,98.5703,50.3049],"t":[17.2928,47.0069,-47.859],"timeVisible":10.8805}],"id":21388,"interactionBox":{"center":[0,200,0],"size":[221.418,221.418,154.742]},"pointables":[{"direction":[-0.0217456,0.197193,-0.980124],"handId":61,"id":37,"length":76.672,"stabilizedTipPosition":[-20.4893,118.077,-50.6565],"timeVisible":9.9263,"tipPosition":[-19.6272,119.96,-49.7152],"tipVelocity":[0.596948,-2.20167,1.83166],"tool":false,"touchDistance":0.129924,"touchZone":"hovering"},{"direction":[-0.0894679,-0.0075085,-0.995961],"handId":61,"id":47,"length":69.0763,"stabilizedTipPosition":[-48.3802,108.089,-43.0187],"timeVisible":9.95332,"tipPosition":[-47.4601,109.384,-41.9456],"tipVelocity":[0.449988,-2.25896,-1.48215],"tool":false,"touchDistance":0.106429,"touchZone":"hovering"},{"direction":[0.164824,0.173057,-0.971022],"handId":61,"id":45,"length":64.0063,"stabilizedTipPosition":[17.1835,114.194,-36.0952],"timeVisible":9.98051,"tipPosition":[18.2349,116.086,-34.8574],"tipVelocity":[-0.0266938,-1.0382,1.39565],"tool":false,"touchDistance":0.118444,"touchZone":"hovering"},{"direction":[-0.396387,0.183782,-0.899501],"handId":61,"id":81,"length":49.3028,"stabilizedTipPosition":[-81.6285,100.056,-12.1637],"timeVisible":9.8908,"tipPosition":[-80.9521,101.561,-11.1301],"tipVelocity":[-0.595471,-0.703033,-0.869004],"tool":false,"touchDistance":0.124152,"touchZone":"hovering"},{"direction":[0.616917,0.571211,-0.541415],"handId":61,"id":21,"length":31.3043,"stabilizedTipPosition":[63.7899,110.04,64.1601],"timeVisible":9.85401,"tipPosition":[61.7567,115.575,65.6947],"tipVelocity":[-0.580207,0.852522,-0.228778],"tool":false,"touchDistance":0.0821493,"touchZone":"hovering"}],"r":[[0.448319,0.160374,0.879369],[0.645751,-0.738343,-0.194562],[0.618074,0.655079,-0.434575]],"s":-39.663,"t":[1789.34,387.403,5452.12],"timestamp":4302187365},"_rotation":[0.448319,0.160374,0.879369,0.645751,-0.738343,-0.194562,0.618074,0.655079,-0.434575]}
{"data":{"currentFrameRate":40.6024,"gestures":[],"hands":[{"direction":[0.0730955,0.135781,-0.988039],"id":61,"palmNormal":[0.121806,-0.984488,-0.126282],"palmPosition":[-15.6489,99.8145,51.6734],"palmVelocity":[2.83746,-1.43348,-3.08594],"r":[[0.976294,0.115888,-0.182814],[-0.113186,0.993255,0.0251795],[0.184498,-0.00389067,0.982825]],"s":1.33858,"sphereCenter":[-18.8913,89.4144,9.65022],"sphereRadius":53.8689,"stabilizedPalmPosition":[-16.1885,98.5775,50.3128],"t":[17.2929,46.9389,-47.8497],"timeVisible":10.9052}],"id":21389,"interactionBox":{"center":[0,200,0],"size":[221.418,221.418,154.742]},"pointables":[{"direction":[-0.0216797,0.196979,-0.980168],"handId":61,"id":37,"length":76.6916,"stabilizedTipPosition":[-20.4796,118.097,-50.6456],"timeVisible":9.95105,"tipPosition":[-19.6184,119.907,-49.6814],"tipVelocity":[0.296193,-1.51621,1.06677],"tool":false,"touchDistance":0.130488,"touchZone":"hovering"},{"direction":[-0.0894326,-0.00765797,-0.995963],"handId":61,"id":47,"length":69.0788,"stabilizedTipPosition":[-48.3699,108.102,-43.0069],"timeVisible":9.97807,"tipPosition":[-47.4474,109.321,-41.957],"tipVelocity":[0.455216,-1.9936,-0.381772],"tool":false,"touchDistance":0.106239,"touchZone":"hovering"},{"direction":[0.16473,0.172888,-0.971068],"handId":61,"id":45,"length":64.0099,"stabilizedTipPosition":[17.1952,114.215,-36.0814],"timeVisible":10.0053,"tipPosition":[18.2306,116.007,-34.8616],"tipVelocity":[-0.132234,-2.41222,-0.110474],"tool":false,"touchDistance":0.118375,"touchZone":"hovering"},{"direction":[-0.396256,0.183416,-0.899633],"handId":61,"id":81,"length":49.321,"stabilizedTipPosition":[-81.6208,100.072,-12.1523],"timeVisible":9.91556,"tipPosition":[-80.9362,101.499,-11.1454],"tipVelocity":[0.553405,-1.87273,-0.483394],"tool":false,"touchDistance":0.123898,"touchZone":"hovering"},{"direction":[0.616362,0.570191,-0.54312],"handId":61,"id":21,"length":31.3307,"stabilizedTipPosition":[63.7795,110.066,64.1682],"timeVisible":9.87877,"tipPosition":[61.6393,115.449,65.8178],"tipVelocity":[-3.67621,-3.66047,3.94708],"tool":false,"touchDistance":0.0841996,"touchZone":"hovering"}],"r":[[0.448071,0.159956,0.879572],[0.645601,-0.738468,-0.194586],[0.618411,0.655041,-0.434153]],"s":-39.663,"t":[1789.34,387.335,5452.13],"timestamp":4302212124},"_rotation":[0.448071,0.159956,0.879572,0.645601,-0.738468,-0.194586,0.618411,0.655041,-0.434153]}
{"data":{"currentFrameRate":40.5451,"gestures":[],"hands":[{"direction":[0.0731479,0.136105,-0.98799],"id":61,"palmNormal":[0.122339,-0.984387,-0.126551],"palmPosition":[-15.6344,99.7999,51.6721],"palmVelocity":[0.584436,-0.58816,-0.0536869],"r":[[0.976382,0.115582,-0.182533],[-0.112837,0.993289,0.0253898],[0.184242,-0.00419373,0.982872]],"s":1.33864,"sphereCenter":[-18.8641,89.4531,9.65062],"sphereRadius":53.8496,"stabilizedPalmPosition":[-16.1854,98.5843,50.3203],"t":[17.3224,46.9017,-47.8706],"timeVisible":10.93}],"id":21390,"interactionBox":{"center":[0,200,0],"size":[221.418,221.418,154.742]},"pointables":[{"direction":[-0.0216979,0.196895,-0.980184],"handId":61,"id":37,"length":76.7034,"stabilizedTipPosition":[-20.4698,118.117,-50.6357],"timeVisible":9.9758,"tipPosition":[-19.6071,119.87,-49.7686],"tipVelocity":[0.376276,-1.02913,-3.00803],"tool":false,"touchDistance":0.129034,"touchZone":"hovering"},{"direction":[-0.0894437,-0.00769132,-0.995962],"handId":61,"id":47,"length":69.085,"stabilizedTipPosition":[-48.3593,108.115,-42.9957],"timeVisible":10.0028,"tipPosition":[-47.4116,109.255,-41.9881],"tipVelocity":[1.23858,-2.15288,-1.06289],"tool":false,"touchDistance":0.10572,"touchZone":"hovering"},{"direction":[0.164693,0.172697,-0.971109],"handId":61,"id":45,"length":64.0214,"stabilizedTipPosition":[17.2069,114.234,-36.068],"timeVisible":10.03,"tipPosition":[18.2509,115.982,-34.8702],"tipVelocity":[0.690957,-0.649695,-0.260431],"tool":false,"touchDistance":0.118232,"touchZone":"hovering"},{"direction":[-0.396461,0.183336,-0.899559],"handId":61,"id":81,"length":49.3382,"stabilizedTipPosition":[-81.6125,100.088,-12.1402],"timeVisible":9.9403,"tipPosition":[-80.8775,101.433,-11.0665],"tipVelocity":[1.96496,-2.01356,2.62078],"tool":false,"touchDistance":0.125213,"touchZone":"hovering"},{"direction":[0.61619,0.570463,-0.54303],"handId":61,"id":21,"length":31.3518,"stabilizedTipPosition":[63.7694,110.092,64.1758],"timeVisible":9.90352,"tipPosition":[61.7157,115.528,65.7445],"tipVelocity":[2.36977,2.7196,-2.19971],"tool":false,"touchDistance":0.082978,"touchZone":"hovering"}],"r":[[0.448056,0.160373,0.879503],[0.645904,-0.738243,-0.194436],[0.618105,0.655193,-0.43436]],"s":-39.663,"t":[1789.37,387.298,5452.11],"timestamp":4302236869},"_rotation":[0.448056,0.160373,0.879503,0.645904,-0.738243,-0.194436,0.618105,0.655193,-0.43436]}
{"data":{"currentFrameRate":40.55,"gestures":[],"hands":[{"direction":[0.0731973,0.136114,-0.987985],"id":61,"palmNormal":[0.122723,-0.984343,-0.12652],"palmPosition":[-15.5898,99.8236,51.6611],"palmVelocity":[1.8099,0.960058,-0.445016],"r":[[0.97635,0.115597,-0.182695],[-0.112872,0.993288,0.0252784],[0.184391,-0.00405946,0.982845]],"s":1.33831,"sphereCenter":[-18.8501,89.7301,9.75795],"sphereRadius":53.7959,"stabilizedPalmPosition":[-16.1822,98.5911,50.3277],"t":[17.3668,46.9065,-47.8487],"timeVisible":10.9546}],"id":21391,"interactionBox":{"center":[0,200,0],"size":[221.418,221.418,154.742]},"pointables":[{"direction":[-0.0215926,0.196619,-0.980242],"handId":61,"id":37,"length":76.7184,"stabilizedTipPosition":[-20.4596,118.137,-50.6249],"timeVisible":10.0005,"tipPosition":[-19.5559,119.868,-49.6646],"tipVelocity":[1.74067,0.125725,3.49025],"tool":false,"touchDistance":0.130768,"touchZone":"hovering"},{"direction":[-0.0893828,-0.00780207,-0.995967],"handId":61,"id":47,"length":69.0944,"stabilizedTipPosition":[-48.3483,108.127,-42.9844],"timeVisible":10.0275,"tipPosition":[-47.3624,109.232,-41.9751],"tipVelocity":[1.71279,-0.73643,0.433821],"tool":false,"touchDistance":0.105937,"touchZone":"hovering"},{"direction":[0.164659,0.172855,-0.971086],"handId":61,"id":45,"length":64.0286,"stabilizedTipPosition":[17.2189,114.254,-36.0554],"timeVisible":10.0547,"tipPosition":[18.2896,116.008,-34.9285],"tipVelocity":[1.31902,1.04694,-1.96618],"tool":false,"touchDistance":0.11726,"touchZone":"hovering"},{"direction":[-0.396603,0.183328,-0.899498],"handId":61,"id":81,"length":49.3607,"stabilizedTipPosition":[-81.6035,100.102,-12.1275],"timeVisible":9.96496,"tipPosition":[-80.8054,101.411,-11.0003],"tipVelocity":[2.42219,-0.606701,2.20578],"tool":false,"touchDistance":0.126316,"touchZone":"hovering"},{"direction":[0.615963,0.569936,-0.54384],"handId":61,"id":21,"length":31.3572,"stabilizedTipPosition":[63.7591,110.118,64.1835],"timeVisible":9.92817,"tipPosition":[61.6272,115.448,65.7692],"tipVelocity":[-2.83251,-2.28793,0.872027],"tool":false,"touchDistance":0.0833894,"touchZone":"hovering"}],"r":[[0.447966,0.160253,0.879571],[0.645824,-0.738322,-0.1944],[0.618254,0.655133,-0.434238]],"s":-39.6633,"t":[1789.41,387.303,5452.13],"timestamp":4302261523},"_rotation":[0.447966,0.160253,0.879571,0.645824,-0.738322,-0.1944,0.618254,0.655133,-0.434238]}
{"data":{"currentFrameRate":40.5421,"gestures":[],"hands":[{"direction":[0.0731932,0.136298,-0.98796],"id":61,"palmNormal":[0.122789,-0.984312,-0.126697],"palmPosition":[-15.6222,99.8684,51.8788],"palmVelocity":[-1.31371,1.81657,8.82383],"r":[[0.976389,0.115509,-0.182546],[-0.112779,0.993298,0.0253002],[0.184245,-0.00411555,0.982872]],"s":1.3382,"sphereCenter":[-18.7959,89.358,9.69781],"sphereRadius":53.9152,"stabilizedPalmPosition":[-16.1791,98.598,50.3361],"t":[17.42,46.938,-47.7962],"timeVisible":10.9793}],"id":21392,"interactionBox":{"center":[0,200,0],"size":[221.418,221.418,154.742]},"pointables":[{"direction":[-0.0214735,0.19662,-0.980245],"handId":61,"id":37,"length":76.7191,"stabilizedTipPosition":[-20.4489,118.156,-50.6131],"timeVisible":10.0251,"tipPosition":[-19.4965,119.89,-49.5638],"tipVelocity":[2.04106,0.879395,3.40906],"tool":false,"touchDistance":0.132446,"touchZone":"hovering"},{"direction":[-0.0892584,-0.00803193,-0.995976],"handId":61,"id":47,"length":69.1018,"stabilizedTipPosition":[-48.3368,108.14,-42.9728],"timeVisible":10.0522,"tipPosition":[-47.3077,109.267,-41.9273],"tipVelocity":[1.9248,1.20901,1.62525],"tool":false,"touchDistance":0.106734,"touchZone":"hovering"},{"direction":[0.164692,0.17284,-0.971083],"handId":61,"id":45,"length":64.03,"stabilizedTipPosition":[17.2313,114.274,-36.0424],"timeVisible":10.0793,"tipPosition":[18.337,116.04,-34.8834],"tipVelocity":[1.63094,1.2372,1.53355],"tool":false,"touchDistance":0.118011,"touchZone":"hovering"},{"direction":[-0.396433,0.183105,-0.899618],"handId":61,"id":81,"length":49.3717,"stabilizedTipPosition":[-81.5936,100.117,-12.1139],"timeVisible":9.98963,"tipPosition":[-80.7163,101.423,-10.9003],"tipVelocity":[3.00455,0.478838,3.35849],"tool":false,"touchDistance":0.127982,"touchZone":"hovering"},{"direction":[0.616151,0.570731,-0.542793],"handId":61,"id":21,"length":31.3441,"stabilizedTipPosition":[63.7491,110.144,64.1914],"timeVisible":9.95285,"tipPosition":[61.7022,115.476,65.7941],"tipVelocity":[2.29216,1.06122,0.88057],"tool":false,"touchDistance":0.0838059,"touchZone":"hovering"}],"r":[[0.448006,0.160418,0.879521],[0.645886,-0.738284,-0.19434],[0.618161,0.655135,-0.434367]],"s":-39.6634,"t":[1789.47,387.334,5452.19],"timestamp":4302286200},"_rotation":[0.448006,0.160418,0.879521,0.645886,-0.738284,-0.19434,0.618161,0.655135,-0.434367]}
{"data":{"currentFrameRate":40.5311,"gestures":[],"hands":[{"direction":[0.0733412,0.135899,-0.988004],"id":61,"palmNormal":[0.123003,-0.984341,-0.126264],"palmPosition":[-15.6078,99.9206,51.9353],"palmVelocity":[0.584321,2.11473,2.28622],"r":[[0.976434,0.11525,-0.182469],[-0.112499,0.993327,0.0253951],[0.184178,-0.00426914,0.982884]],"s":1.33805,"sphereCenter":[-18.7373,89.0856,9.66869],"sphereRadius":54.0092,"stabilizedPalmPosition":[-16.1761,98.6051,50.3447],"t":[17.4663,47.008,-47.7705],"timeVisible":11.004}],"id":21393,"interactionBox":{"center":[0,200,0],"size":[221.418,221.418,154.742]},"pointables":[{"direction":[-0.0213632,0.196642,-0.980243],"handId":61,"id":37,"length":76.7126,"stabilizedTipPosition":[-20.4378,118.176,-50.6005],"timeVisible":10.0498,"tipPosition":[-19.4433,119.954,-49.4723],"tipVelocity":[1.8602,2.25518,3.15289],"tool":false,"touchDistance":0.133972,"touchZone":"hovering"},{"direction":[-0.0889831,-0.0085058,-0.995997],"handId":61,"id":47,"length":69.1037,"stabilizedTipPosition":[-48.3247,108.152,-42.9606],"timeVisible":10.0768,"tipPosition":[-47.234,109.287,-41.868],"tipVelocity":[2.59833,0.674541,2.0351],"tool":false,"touchDistance":0.107723,"touchZone":"hovering"},{"direction":[0.164685,0.172969,-0.971062],"handId":61,"id":45,"length":64.0359,"stabilizedTipPosition":[17.244,114.294,-36.0293],"timeVisible":10.104,"tipPosition":[18.3834,116.139,-34.8568],"tipVelocity":[1.61871,3.49522,0.908624],"tool":false,"touchDistance":0.118454,"touchZone":"hovering"},{"direction":[-0.396335,0.182906,-0.899702],"handId":61,"id":81,"length":49.3799,"stabilizedTipPosition":[-81.5833,100.132,-12.1004],"timeVisible":10.0143,"tipPosition":[-80.6632,101.457,-10.9001],"tipVelocity":[1.81968,1.20028,0.0121215],"tool":false,"touchDistance":0.127986,"touchZone":"hovering"},{"direction":[0.616058,0.57101,-0.542605],"handId":61,"id":21,"length":31.342,"stabilizedTipPosition":[63.7395,110.171,64.1992],"timeVisible":9.97754,"tipPosition":[61.7813,115.591,65.8039],"tipVelocity":[2.45054,3.7819,0.403493],"tool":false,"touchDistance":0.0839692,"touchZone":"hovering"}],"r":[[0.447892,0.160665,0.879534],[0.64609,-0.738149,-0.194176],[0.618029,0.655228,-0.434415]],"s":-39.6635,"t":[1789.51,387.404,5452.21],"timestamp":4302310888},"_rotation":[0.447892,0.160665,0.879534,0.64609,-0.738149,-0.194176,0.618029,0.655228,-0.434415]}
{"data":{"currentFrameRate":40.4786,"gestures":[],"hands":[{"direction":[0.0733029,0.136694,-0.987898],"id":61,"palmNormal":[0.122938,-0.984246,-0.127066],"palmPosition":[-15.5724,99.976,51.8218],"palmVelocity":[1.43091,2.23511,-4.58071],"r":[[0.976409,0.115227,-0.182614],[-0.112471,0.99333,0.025411],[0.184324,-0.00427276,0.982856]],"s":1.33825,"sphereCenter":[-18.7441,89.2928,9.70838],"sphereRadius":53.9457,"stabilizedPalmPosition":[-16.1729,98.6124,50.3525],"t":[17.4504,47.0997,-47.8232],"timeVisible":11.0288}],"id":21394,"interactionBox":{"center":[0,200,0],"size":[221.418,221.418,154.742]},"pointables":[{"direction":[-0.0212921,0.196585,-0.980256],"handId":61,"id":37,"length":76.7055,"stabilizedTipPosition":[-20.4267,118.197,-50.588],"timeVisible":10.0746,"tipPosition":[-19.4434,120.043,-49.4793],"tipVelocity":[0.0838484,3.15862,-0.133537],"tool":false,"touchDistance":0.133855,"touchZone":"hovering"},{"direction":[-0.0888758,-0.00858498,-0.996006],"handId":61,"id":47,"length":69.1112,"stabilizedTipPosition":[-48.3127,108.166,-42.9492],"timeVisible":10.1016,"tipPosition":[-47.2401,109.378,-41.9206],"tipVelocity":[-0.0952851,3.10409,-1.76007],"tool":false,"touchDistance":0.106847,"touchZone":"hovering"},{"direction":[0.16459,0.173155,-0.971045],"handId":61,"id":45,"length":63.9986,"stabilizedTipPosition":[17.2565,114.316,-36.0162],"timeVisible":10.1288,"tipPosition":[18.3736,116.225,-34.8431],"tipVelocity":[-0.263341,3.06633,0.482174],"tool":false,"touchDistance":0.118683,"touchZone":"hovering"},{"direction":[-0.396512,0.182974,-0.89961],"handId":61,"id":81,"length":49.3873,"stabilizedTipPosition":[-81.5743,100.148,-12.0888],"timeVisible":10.0391,"tipPosition":[-80.7697,101.573,-11.0534],"tipVelocity":[-3.50037,3.99325,-5.12322],"tool":false,"touchDistance":0.125431,"touchZone":"hovering"},{"direction":[0.616541,0.572271,-0.540724],"handId":61,"id":21,"length":31.3607,"stabilizedTipPosition":[63.7301,110.198,64.2071],"timeVisible":10.0023,"tipPosition":[61.8402,115.681,65.8092],"tipVelocity":[1.84933,3.02016,0.260119],"tool":false,"touchDistance":0.0840576,"touchZone":"hovering"}],"r":[[0.447787,0.160585,0.879602],[0.646112,-0.738132,-0.194165],[0.618082,0.655266,-0.434282]],"s":-39.6633,"t":[1789.5,387.496,5452.16],"timestamp":4302335667},"_rotation":[0.447787,0.160585,0.879602,0.646112,-0.738132,-0.194165,0.618082,0.655266,-0.434282]}
{"data":{"currentFrameRate":40.5616,"gestures":[],"hands":[{"direction":[0.0734447,0.136641,-0.987894],"id":61,"palmNormal":[0.123452,-0.984197,-0.126951],"palmPosition":[-15.6314,100.016,51.7942],"palmVelocity":[-2.40509,1.6499,-1.12357],"r":[[0.976367,0.115193,-0.182863],[-0.11244,0.993334,0.0253867],[0.184568,-0.0042257,0.982811]],"s":1.33826,"sphereCenter":[-18.7389,89.2162,9.6975],"sphereRadius":53.9728,"stabilizedPalmPosition":[-16.17,98.6197,50.3601],"t":[17.4017,47.1048,-47.7933],"timeVisible":11.0533}],"id":21395,"interactionBox":{"center":[0,200,0],"size":[221.418,221.418,154.742]},"pointables":[{"direction":[-0.0213482,0.196926,-0.980186],"handId":61,"id":37,"length":76.7179,"stabilizedTipPosition":[-20.4164,118.217,-50.5758],"timeVisible":10.0991,"tipPosition":[-19.4885,120.058,-49.4839],"tipVelocity":[-1.44549,0.623249,-0.0345455],"tool":false,"touchDistance":0.133779,"touchZone":"hovering"},{"direction":[-0.0888089,-0.00877463,-0.99601],"handId":61,"id":47,"length":69.1184,"stabilizedTipPosition":[-48.3015,108.18,-42.9377],"timeVisible":10.1262,"tipPosition":[-47.2846,109.41,-41.8979],"tipVelocity":[-1.41067,1.12632,0.819013],"tool":false,"touchDistance":0.107224,"touchZone":"hovering"},{"direction":[0.16455,0.173137,-0.971054],"handId":61,"id":45,"length":63.9706,"stabilizedTipPosition":[17.2683,114.337,-36.003],"timeVisible":10.1533,"tipPosition":[18.3295,116.263,-34.8177],"tipVelocity":[-1.43836,1.45362,0.894429],"tool":false,"touchDistance":0.119107,"touchZone":"hovering"},{"direction":[-0.396117,0.18268,-0.899844],"handId":61,"id":81,"length":49.3787,"stabilizedTipPosition":[-81.5658,100.164,-12.0772],"timeVisible":10.0636,"tipPosition":[-80.8,101.595,-11.0376],"tipVelocity":[-0.987326,0.843615,0.507061],"tool":false,"touchDistance":0.125695,"touchZone":"hovering"},{"direction":[0.61613,0.572273,-0.541191],"handId":61,"id":21,"length":31.3941,"stabilizedTipPosition":[63.7205,110.225,64.2153],"timeVisible":10.0269,"tipPosition":[61.7545,115.694,65.8776],"tipVelocity":[-2.68885,0.674351,2.26118],"tool":false,"touchDistance":0.0851968,"touchZone":"hovering"}],"r":[[0.447609,0.160445,0.879718],[0.646116,-0.738139,-0.194127],[0.618207,0.655292,-0.434064]],"s":-39.6633,"t":[1789.45,387.501,5452.19],"timestamp":4302360203},"_rotation":[0.447609,0.160445,0.879718,0.646116,-0.738139,-0.194127,0.618207,0.655292,-0.434064]}
{"data":{"currentFrameRate":40.3846,"gestures":[],"hands":[{"direction":[0.0736664,0.136041,-0.987961],"id":61,"palmNormal":[0.12364,-0.984255,-0.126312],"palmPosition":[-15.6574,99.9908,51.6684],"palmVelocity":[-1.03966,-1.02618,-5.02864],"r":[[0.976422,0.115121,-0.18261],[-0.112359,0.993342,0.0254388],[0.184322,-0.00432126,0.982856]],"s":1.33819,"sphereCenter":[-18.774,89.6506,9.83885],"sphereRadius":53.8763,"stabilizedPalmPosition":[-16.1673,98.627,50.367],"t":[17.3259,47.0687,-47.831],"timeVisible":11.0783}],"id":21396,"interactionBox":{"center":[0,200,0],"size":[221.418,221.418,154.742]},"pointables":[{"direction":[-0.021455,0.196971,-0.980174],"handId":61,"id":37,"length":76.6994,"stabilizedTipPosition":[-20.407,118.238,-50.564],"timeVisible":10.1241,"tipPosition":[-19.5824,120.027,-49.5209],"tipVelocity":[-3.09043,-0.884363,-1.12766],"tool":false,"touchDistance":0.133162,"touchZone":"hovering"},{"direction":[-0.0888619,-0.0088039,-0.996005],"handId":61,"id":47,"length":69.1201,"stabilizedTipPosition":[-48.2911,108.193,-42.9267],"timeVisible":10.1512,"tipPosition":[-47.3615,109.353,-41.9488],"tipVelocity":[-2.50975,-1.86751,-1.67302],"tool":false,"touchDistance":0.106375,"touchZone":"hovering"},{"direction":[0.16448,0.173347,-0.971029],"handId":61,"id":45,"length":63.9787,"stabilizedTipPosition":[17.2794,114.358,-35.9897],"timeVisible":10.1784,"tipPosition":[18.2632,116.247,-34.811],"tipVelocity":[-2.18562,-0.342545,0.267829],"tool":false,"touchDistance":0.119219,"touchZone":"hovering"},{"direction":[-0.396625,0.183107,-0.899534],"handId":61,"id":81,"length":49.3919,"stabilizedTipPosition":[-81.5584,100.18,-12.066],"timeVisible":10.0886,"tipPosition":[-80.9101,101.584,-11.0737],"tipVelocity":[-3.62119,-0.215207,-1.18605],"tool":false,"touchDistance":0.125091,"touchZone":"hovering"},{"direction":[0.616313,0.572349,-0.540903],"handId":61,"id":21,"length":31.4082,"stabilizedTipPosition":[63.7108,110.252,64.2229],"timeVisible":10.0519,"tipPosition":[61.7658,115.7,65.7499],"tipVelocity":[0.321169,0.418173,-3.82339],"tool":false,"touchDistance":0.0830691,"touchZone":"hovering"}],"r":[[0.447725,0.160667,0.879618],[0.646187,-0.738085,-0.194094],[0.618049,0.655299,-0.43428]],"s":-39.6634,"t":[1789.37,387.465,5452.15],"timestamp":4302385217},"_rotation":[0.447725,0.160667,0.879618,0.646187,-0.738085,-0.194094,0.618049,0.655299,-0.43428]}
{"data":{"currentFrameRate":40.4753,"gestures":[],"hands":[{"direction":[0.0737093,0.136498,-0.987894],"id":61,"palmNormal":[0.12358,-0.984204,-0.126768],"palmPosition":[-15.7178,99.8708,51.7685],"palmVelocity":[-2.45753,-4.88333,4.0715],"r":[[0.976506,0.114941,-0.182276],[-0.112154,0.993362,0.0255602],[0.184004,-0.00451675,0.982915]],"s":1.33823,"sphereCenter":[-18.7921,89.753,9.87741],"sphereRadius":53.8554,"stabilizedPalmPosition":[-16.165,98.6334,50.3742],"t":[17.261,46.9855,-47.8587],"timeVisible":11.1029}],"id":21397,"interactionBox":{"center":[0,200,0],"size":[221.418,221.418,154.742]},"pointables":[{"direction":[-0.0216398,0.197133,-0.980138],"handId":61,"id":37,"length":76.708,"stabilizedTipPosition":[-20.3988,118.257,-50.553],"timeVisible":10.1487,"tipPosition":[-19.6587,119.963,-49.5599],"tipVelocity":[-2.54992,-2.0515,-1.21763],"tool":false,"touchDistance":0.132512,"touchZone":"hovering"},{"direction":[-0.089002,-0.00897258,-0.995991],"handId":61,"id":47,"length":69.1219,"stabilizedTipPosition":[-48.2817,108.204,-42.9157],"timeVisible":10.1757,"tipPosition":[-47.4329,109.23,-41.9183],"tipVelocity":[-2.38009,-4.15079,1.08806],"tool":false,"touchDistance":0.106883,"touchZone":"hovering"},{"direction":[0.164291,0.17356,-0.971023],"handId":61,"id":45,"length":63.9919,"stabilizedTipPosition":[17.2894,114.378,-35.9769],"timeVisible":10.2029,"tipPosition":[18.1982,116.173,-34.8132],"tipVelocity":[-2.19007,-2.31558,-0.029697],"tool":false,"touchDistance":0.119182,"touchZone":"hovering"},{"direction":[-0.396689,0.182938,-0.89954],"handId":61,"id":81,"length":49.4054,"stabilizedTipPosition":[-81.5523,100.194,-12.0554],"timeVisible":10.1132,"tipPosition":[-81.0029,101.505,-11.1048],"tipVelocity":[-3.15445,-2.48009,-1.05097],"tool":false,"touchDistance":0.124574,"touchZone":"hovering"},{"direction":[0.61629,0.572615,-0.540648],"handId":61,"id":21,"length":31.3625,"stabilizedTipPosition":[63.7014,110.279,64.23],"timeVisible":10.0764,"tipPosition":[61.8028,115.702,65.6529],"tipVelocity":[1.15677,0.303843,-2.94132],"tool":false,"touchDistance":0.0814512,"touchZone":"hovering"}],"r":[[0.447823,0.161025,0.879503],[0.646364,-0.737954,-0.194004],[0.617793,0.655359,-0.434553]],"s":-39.6634,"t":[1789.31,387.382,5452.12],"timestamp":4302409794},"_rotation":[0.447823,0.161025,0.879503,0.646364,-0.737954,-0.194004,0.617793,0.655359,-0.434553]}
