{"data":{"currentFrameRate":115.114,"gestures":[],"hands":[{"direction":[-0.0418228,0.256668,-0.965594],"id":62,"palmNormal":[-0.0422521,-0.96603,-0.254954],"palmPosition":[3.94499,167.777,58.6944],"palmVelocity":[-0.866332,0.350374,5.73079],"r":[[0.961582,0.0658223,0.266511],[-0.0424478,0.994804,-0.0925411],[-0.271218,0.077673,0.959379]],"s":1.48732,"sphereCenter":[-6.95475,93.9189,6.05177],"sphereRadius":97.4911,"stabilizedPalmPosition":[6.3321,165.828,56.5147],"t":[-123,24.4112,-61.0193],"timeVisible":4.4922}],"id":12687,"interactionBox":{"center":[0,200,0],"size":[221.418,221.418,154.742]},"pointables":[{"direction":[-0.168562,-0.0963897,-0.980967],"handId":62,"id":16,"length":77.1487,"stabilizedTipPosition":[-11.5396,181.675,-46.4097],"timeVisible":4.57905,"tipPosition":[-15.217,183.42,-44.1852],"tipVelocity":[-2.14219,7.4778,5.49761],"tool":false,"touchDistance":0.0567697,"touchZone":"hovering"},{"direction":[-0.0148903,-0.0539608,-0.998432],"handId":62,"id":30,"length":66.7613,"stabilizedTipPosition":[26.7669,176.438,-37.0674],"timeVisible":4.57037,"tipPosition":[23.2902,177.877,-34.3832],"tipVelocity":[-4.98528,-7.28299,9.97588],"tool":false,"touchDistance":0.0438604,"touchZone":"hovering"},{"direction":[-0.167594,-0.148621,-0.974589],"handId":62,"id":31,"length":66.7702,"stabilizedTipPosition":[-32.7323,177.868,-36.2719],"timeVisible":4.44029,"tipPosition":[-35.8846,178.914,-33.2354],"tipVelocity":[-3.73145,1.9047,-0.820166],"tool":false,"touchDistance":0.178756,"touchZone":"hovering"},{"direction":[-0.483816,0.128749,-0.865648],"handId":62,"id":84,"length":49.2999,"stabilizedTipPosition":[-63.9967,174.864,-2.30539],"timeVisible":4.44029,"tipPosition":[-67.9979,177.686,0.768224],"tipVelocity":[-11.5954,-1.47607,-10.0389],"tool":false,"touchDistance":0.193941,"touchZone":"hovering"},{"direction":[0.672385,0.27371,-0.687737],"handId":62,"id":40,"length":39.0254,"stabilizedTipPosition":[86.7997,165.349,46.6916],"timeVisible":4.54422,"tipPosition":[85.2677,166.274,47.7233],"tipVelocity":[-3.43802,-1.5546,3.49915],"tool":false,"touchDistance":0.0813387,"touchZone":"hovering"}],"r":[[0.512683,0.857977,0.0321124],[-0.443725,0.296796,-0.845589],[-0.735027,0.41927,0.532868]],"s":-10.1979,"t":[521.33,-1352.07,-1014.38],"timestamp":33382376484},"_rotation":[0.512683,0.857977,0.0321124,-0.443725,0.296796,-0.845589,-0.735027,0.41927,0.532868]}
{"data":{"currentFrameRate":114.734,"gestures":[],"hands":[{"direction":[-0.0418427,0.257011,-0.965502],"id":62,"palmNormal":[-0.0423901,-0.965935,-0.255289],"palmPosition":[3.9215,167.774,58.6857],"palmVelocity":[-2.67459,-0.290046,-0.989771],"r":[[0.961637,0.0659601,0.266277],[-0.0425738,0.994786,-0.0926694],[-0.271001,0.077778,0.959432]],"s":1.48701,"sphereCenter":[-6.98334,93.8953,6.0598],"sphereRadius":97.5149,"stabilizedPalmPosition":[6.32635,165.833,56.5199],"t":[-123.024,24.4599,-60.9741],"timeVisible":4.50098}],"id":12688,"interactionBox":{"center":[0,200,0],"size":[221.418,221.418,154.742]},"pointables":[{"direction":[-0.168584,-0.0967158,-0.980931],"handId":62,"id":16,"length":77.132,"stabilizedTipPosition":[-11.544,181.677,-46.407],"timeVisible":4.58783,"tipPosition":[-15.2419,183.384,-44.1368],"tipVelocity":[-2.82123,-3.75343,5.37208],"tool":false,"touchDistance":0.0575768,"touchZone":"hovering"},{"direction":[-0.0149844,-0.0536759,-0.998446],"handId":62,"id":30,"length":66.7692,"stabilizedTipPosition":[26.7652,176.438,-37.0661],"timeVisible":4.57915,"tipPosition":[23.2604,177.892,-34.344],"tipVelocity":[-3.33057,1.68512,4.10109],"tool":false,"touchDistance":0.0445133,"touchZone":"hovering"},{"direction":[-0.167608,-0.148717,-0.974572],"handId":62,"id":31,"length":66.7745,"stabilizedTipPosition":[-32.736,177.869,-36.2684],"timeVisible":4.44907,"tipPosition":[-35.9048,178.934,-33.197],"tipVelocity":[-2.326,2.13973,4.1792],"tool":false,"touchDistance":0.179395,"touchZone":"hovering"},{"direction":[-0.484192,0.128799,-0.86543],"handId":62,"id":84,"length":49.3619,"stabilizedTipPosition":[-63.9997,174.866,-2.30309],"timeVisible":4.44907,"tipPosition":[-68.0133,177.691,0.791389],"tipVelocity":[-1.9953,0.484558,2.36573],"tool":false,"touchDistance":0.194327,"touchZone":"hovering"},{"direction":[0.672234,0.273768,-0.687861],"handId":62,"id":40,"length":39.0113,"stabilizedTipPosition":[86.7915,165.353,46.6969],"timeVisible":4.553,"tipPosition":[85.1664,166.231,47.7628],"tipVelocity":[-10.3291,-4.10113,4.27053],"tool":false,"touchDistance":0.0819967,"touchZone":"hovering"}],"r":[[0.512782,0.857927,0.0318575],[-0.443739,0.296623,-0.845642],[-0.734949,0.419494,0.532799]],"s":-10.1982,"t":[521.306,-1352.02,-1014.33],"timestamp":33382385267},"_rotation":[0.512782,0.857927,0.0318575,-0.443739,0.296623,-0.845642,-0.734949,0.419494,0.532799]}
{"data":{"currentFrameRate":116.213,"gestures":[],"hands":[{"direction":[-0.0418431,0.256577,-0.965618],"id":62,"palmNormal":[-0.0428628,-0.966035,-0.25483],"palmPosition":[3.89934,167.779,58.7095],"palmVelocity":[-2.6556,0.539706,2.84932],"r":[[0.961586,0.0659318,0.266467],[-0.0425415,0.994792,-0.0926235],[-0.271186,0.0777297,0.959383]],"s":1.4867,"sphereCenter":[-7.03433,93.8085,6.04088],"sphereRadius":97.604,"stabilizedPalmPosition":[6.3209,165.837,56.5248],"t":[-123.052,24.5772,-60.9251],"timeVisible":4.50933}],"id":12689,"interactionBox":{"center":[0,200,0],"size":[221.418,221.418,154.742]},"pointables":[{"direction":[-0.168668,-0.0961279,-0.980974],"handId":62,"id":16,"length":77.1353,"stabilizedTipPosition":[-11.5484,181.679,-46.4042],"timeVisible":4.59617,"tipPosition":[-15.2674,183.486,-44.0717],"tipVelocity":[-3.02623,11.4692,7.2819],"tool":false,"touchDistance":0.0586625,"touchZone":"hovering"},{"direction":[-0.0149854,-0.053966,-0.99843],"handId":62,"id":30,"length":66.7828,"stabilizedTipPosition":[26.7636,176.439,-37.0648],"timeVisible":4.58749,"tipPosition":[23.2305,177.878,-34.2942],"tipVelocity":[-3.50329,-1.42431,5.52559],"tool":false,"touchDistance":0.0453423,"touchZone":"hovering"},{"direction":[-0.167591,-0.148811,-0.974561],"handId":62,"id":31,"length":66.7817,"stabilizedTipPosition":[-32.7394,177.87,-36.265],"timeVisible":4.45742,"tipPosition":[-35.9309,178.974,-33.153],"tipVelocity":[-3.09348,4.5019,4.99246],"tool":false,"touchDistance":0.180128,"touchZone":"hovering"},{"direction":[-0.484582,0.130098,-0.865017],"handId":62,"id":84,"length":49.4429,"stabilizedTipPosition":[-64.0026,174.868,-2.30094],"timeVisible":4.45742,"tipPosition":[-68.0922,177.76,0.738536],"tipVelocity":[-8.97637,7.46946,-5.76273],"tool":false,"touchDistance":0.193446,"touchZone":"hovering"},{"direction":[0.672644,0.275639,-0.686712],"handId":62,"id":40,"length":39.0182,"stabilizedTipPosition":[86.7839,165.358,46.7015],"timeVisible":4.56135,"tipPosition":[85.1788,166.325,47.6656],"tipVelocity":[1.62644,10.4757,-10.321],"tool":false,"touchDistance":0.0803775,"touchZone":"hovering"}],"r":[[0.512659,0.857996,0.0319975],[-0.443742,0.296675,-0.845622],[-0.735033,0.419317,0.532822]],"s":-10.1985,"t":[521.278,-1351.9,-1014.28],"timestamp":33382393613},"_rotation":[0.512659,0.857996,0.0319975,-0.443742,0.296675,-0.845622,-0.735033,0.419317,0.532822]}
{"data":{"currentFrameRate":116.075,"gestures":[],"hands":[{"direction":[-0.0419824,0.256318,-0.96568],"id":62,"palmNormal":[-0.0420544,-0.966129,-0.254609],"palmPosition":[3.8741,167.803,58.7269],"palmVelocity":[-2.92086,2.7959,2.01547],"r":[[0.961621,0.065949,0.266336],[-0.0425768,0.994793,-0.0926003],[-0.271056,0.0777067,0.959422]],"s":1.48681,"sphereCenter":[-7.06909,93.9258,6.04528],"sphereRadius":97.5181,"stabilizedPalmPosition":[6.31526,165.842,56.5299],"t":[-123.09,24.662,-60.9065],"timeVisible":4.51797}],"id":12690,"interactionBox":{"center":[0,200,0],"size":[221.418,221.418,154.742]},"pointables":[{"direction":[-0.168744,-0.0962437,-0.98095],"handId":62,"id":16,"length":77.1307,"stabilizedTipPosition":[-11.553,181.682,-46.4013],"timeVisible":4.60481,"tipPosition":[-15.3028,183.473,-44.0349],"tipVelocity":[-3.9957,-0.997864,4.12781],"tool":false,"touchDistance":0.0592753,"touchZone":"hovering"},{"direction":[-0.0148378,-0.0534199,-0.998462],"handId":62,"id":30,"length":66.7704,"stabilizedTipPosition":[26.762,176.44,-37.0636],"timeVisible":4.59613,"tipPosition":[23.2064,177.961,-34.3418],"tipVelocity":[-2.79912,9.01735,-5.004],"tool":false,"touchDistance":0.0445492,"touchZone":"hovering"},{"direction":[-0.167786,-0.147978,-0.974654],"handId":62,"id":31,"length":66.7813,"stabilizedTipPosition":[-32.743,177.871,-36.2617],"timeVisible":4.46606,"tipPosition":[-35.991,179.019,-33.2766],"tipVelocity":[-6.6593,5.07825,-12.9804],"tool":false,"touchDistance":0.17807,"touchZone":"hovering"},{"direction":[-0.485064,0.130907,-0.864625],"handId":62,"id":84,"length":49.5309,"stabilizedTipPosition":[-64.0058,174.87,-2.2986],"timeVisible":4.46606,"tipPosition":[-68.1369,177.829,0.766956],"tipVelocity":[-5.24195,7.38208,2.81848],"tool":false,"touchDistance":0.19392,"touchZone":"hovering"},{"direction":[0.672489,0.275186,-0.687045],"handId":62,"id":40,"length":39.076,"stabilizedTipPosition":[86.7757,165.363,46.7064],"timeVisible":4.56999,"tipPosition":[85.1181,166.366,47.6849],"tipVelocity":[-6.14266,4.80041,1.97149],"tool":false,"touchDistance":0.0806984,"touchZone":"hovering"}],"r":[[0.512744,0.857949,0.0319029],[-0.443779,0.296664,-0.845607],[-0.734951,0.419422,0.532852]],"s":-10.1984,"t":[521.24,-1351.82,-1014.27],"timestamp":33382402252},"_rotation":[0.512744,0.857949,0.0319029,-0.443779,0.296664,-0.845607,-0.734951,0.419422,0.532852]}
{"data":{"currentFrameRate":115.125,"gestures":[],"hands":[{"direction":[-0.0421287,0.256546,-0.965613],"id":62,"palmNormal":[-0.0411695,-0.966096,-0.254878],"palmPosition":[3.85369,167.827,58.7464],"palmVelocity":[-2.30629,2.71578,2.20135],"r":[[0.961666,0.066164,0.266122],[-0.0427614,0.994766,-0.0927979],[-0.270869,0.0778609,0.959462]],"s":1.48655,"sphereCenter":[-7.02003,93.8026,6.07106],"sphereRadius":97.6571,"stabilizedPalmPosition":[6.30948,165.846,56.5351],"t":[-123.125,24.714,-60.8381],"timeVisible":4.52682}],"id":12691,"interactionBox":{"center":[0,200,0],"size":[221.418,221.418,154.742]},"pointables":[{"direction":[-0.168833,-0.0962474,-0.980934],"handId":62,"id":16,"length":77.1053,"stabilizedTipPosition":[-11.5578,181.684,-46.3982],"timeVisible":4.61367,"tipPosition":[-15.337,183.51,-43.9653],"tipVelocity":[-3.81384,4.13701,7.46799],"tool":false,"touchDistance":0.0604357,"touchZone":"hovering"},{"direction":[-0.014691,-0.0519768,-0.99854],"handId":62,"id":30,"length":66.7536,"stabilizedTipPosition":[26.7602,176.44,-37.0623],"timeVisible":4.60499,"tipPosition":[23.175,178.02,-34.2995],"tipVelocity":[-3.51141,6.33699,4.47396],"tool":false,"touchDistance":0.0452554,"touchZone":"hovering"},{"direction":[-0.167813,-0.147861,-0.974667],"handId":62,"id":31,"length":66.7785,"stabilizedTipPosition":[-32.7467,177.873,-36.2583],"timeVisible":4.47491,"tipPosition":[-36.0259,179.079,-33.2027],"tipVelocity":[-3.93811,6.40111,7.59539],"tool":false,"touchDistance":0.1793,"touchZone":"hovering"},{"direction":[-0.485127,0.131121,-0.864557],"handId":62,"id":84,"length":49.598,"stabilizedTipPosition":[-64.0093,174.872,-2.29601],"timeVisible":4.47491,"tipPosition":[-68.1749,177.879,0.777294],"tipVelocity":[-4.34381,5.30768,0.990777],"tool":false,"touchDistance":0.194092,"touchZone":"hovering"},{"direction":[0.67228,0.275247,-0.687225],"handId":62,"id":40,"length":39.0751,"stabilizedTipPosition":[86.7668,165.368,46.7115],"timeVisible":4.57884,"tipPosition":[85.0134,166.34,47.7276],"tipVelocity":[-10.6343,-2.28695,4.39419],"tool":false,"touchDistance":0.081411,"touchZone":"hovering"}],"r":[[0.512789,0.857933,0.0315995],[-0.443794,0.296405,-0.84569],[-0.734912,0.419637,0.532738]],"s":-10.1986,"t":[521.205,-1351.76,-1014.2],"timestamp":33382411104},"_rotation":[0.512789,0.857933,0.0315995,-0.443794,0.296405,-0.84569,-0.734912,0.419637,0.532738]}
{"data":{"currentFrameRate":114.983,"gestures":[],"hands":[{"direction":[-0.0422107,0.25712,-0.965457],"id":62,"palmNormal":[-0.0403785,-0.965968,-0.25549],"palmPosition":[3.84094,167.85,58.7764],"palmVelocity":[-1.46188,2.64595,3.43301],"r":[[0.961672,0.0662772,0.266073],[-0.0428736,0.994759,-0.0928297],[-0.270831,0.0778642,0.959473]],"s":1.48656,"sphereCenter":[-7.05801,93.9014,6.10979],"sphereRadius":97.5796,"stabilizedPalmPosition":[6.30377,165.851,56.5403],"t":[-123.144,24.7174,-60.7624],"timeVisible":4.53554}],"id":12692,"interactionBox":{"center":[0,200,0],"size":[221.418,221.418,154.742]},"pointables":[{"direction":[-0.168927,-0.0962167,-0.980921],"handId":62,"id":16,"length":77.0946,"stabilizedTipPosition":[-11.5623,181.686,-46.3952],"timeVisible":4.62239,"tipPosition":[-15.3542,183.516,-43.8746],"tipVelocity":[-2.05535,0.722377,9.68209],"tool":false,"touchDistance":0.0619465,"touchZone":"hovering"},{"direction":[-0.0147525,-0.0521521,-0.99853],"handId":62,"id":30,"length":66.7472,"stabilizedTipPosition":[26.7584,176.441,-37.0608],"timeVisible":4.61371,"tipPosition":[23.1471,177.996,-34.2396],"tipVelocity":[-3.17511,-2.42653,6.44665],"tool":false,"touchDistance":0.0462535,"touchZone":"hovering"},{"direction":[-0.167804,-0.147986,-0.97465],"handId":62,"id":31,"length":66.7835,"stabilizedTipPosition":[-32.7503,177.874,-36.2549],"timeVisible":4.48363,"tipPosition":[-36.048,179.066,-33.1652],"tipVelocity":[-2.60929,-1.21739,3.94898],"tool":false,"touchDistance":0.179926,"touchZone":"hovering"},{"direction":[-0.485642,0.131274,-0.864245],"handId":62,"id":84,"length":49.6845,"stabilizedTipPosition":[-64.0129,174.875,-2.2933],"timeVisible":4.48363,"tipPosition":[-68.2101,177.924,0.834786],"tipVelocity":[-4.04932,4.64931,6.00869],"tool":false,"touchDistance":0.195051,"touchZone":"hovering"},{"direction":[0.672101,0.275303,-0.687377],"handId":62,"id":40,"length":39.1551,"stabilizedTipPosition":[86.758,165.372,46.7169],"timeVisible":4.58756,"tipPosition":[85.0005,166.342,47.7831],"tipVelocity":[-1.2794,0.540885,5.79789],"tool":false,"touchDistance":0.0823352,"touchZone":"hovering"}],"r":[[0.512766,0.857951,0.0314791],[-0.443853,0.296304,-0.845694],[-0.734892,0.419671,0.532739]],"s":-10.1986,"t":[521.186,-1351.76,-1014.12],"timestamp":33382419826},"_rotation":[0.512766,0.857951,0.0314791,-0.443853,0.296304,-0.845694,-0.734892,0.419671,0.532739]}
{"data":{"currentFrameRate":115.481,"gestures":[],"hands":[{"direction":[-0.0422311,0.256974,-0.965495],"id":62,"palmNormal":[-0.0399285,-0.966019,-0.255367],"palmPosition":[3.82966,167.863,58.8109],"palmVelocity":[-1.31517,1.51312,4.02505],"r":[[0.961556,0.0660994,0.266534],[-0.0426969,0.994781,-0.0926674],[-0.271268,0.0777248,0.95936]],"s":1.48668,"sphereCenter":[-7.0851,94.1347,6.16205],"sphereRadius":97.3784,"stabilizedPalmPosition":[6.29821,165.855,56.5454],"t":[-123.139,24.7085,-60.7266],"timeVisible":4.54411}],"id":12693,"interactionBox":{"center":[0,200,0],"size":[221.418,221.418,154.742]},"pointables":[{"direction":[-0.168958,-0.0961477,-0.980922],"handId":62,"id":16,"length":77.1086,"stabilizedTipPosition":[-11.5666,181.688,-46.3923],"timeVisible":4.63096,"tipPosition":[-15.3628,183.51,-43.8461],"tipVelocity":[-1.16363,-0.445979,3.1263],"tool":false,"touchDistance":0.0624218,"touchZone":"hovering"},{"direction":[-0.0147683,-0.0519862,-0.998539],"handId":62,"id":30,"length":66.7377,"stabilizedTipPosition":[26.7567,176.442,-37.0595],"timeVisible":4.62228,"tipPosition":[23.1396,178.004,-34.2057],"tipVelocity":[-1.01159,1.10856,3.74596],"tool":false,"touchDistance":0.046818,"touchZone":"hovering"},{"direction":[-0.167634,-0.148605,-0.974585],"handId":62,"id":31,"length":66.7893,"stabilizedTipPosition":[-32.7537,177.875,-36.2517],"timeVisible":4.4922,"tipPosition":[-36.0504,179.023,-33.125],"tipVelocity":[-0.513834,-4.42786,4.35802],"tool":false,"touchDistance":0.180596,"touchZone":"hovering"},{"direction":[-0.485661,0.130174,-0.864401],"handId":62,"id":84,"length":49.7581,"stabilizedTipPosition":[-64.0164,174.878,-2.29059],"timeVisible":4.4922,"tipPosition":[-68.198,177.927,0.940466],"tipVelocity":[0.972642,0.387444,11.2378],"tool":false,"touchDistance":0.196812,"touchZone":"hovering"},{"direction":[0.672288,0.276146,-0.686857],"handId":62,"id":40,"length":39.1618,"stabilizedTipPosition":[86.7498,165.378,46.722],"timeVisible":4.59613,"tipPosition":[85.0869,166.412,47.7523],"tipVelocity":[9.07257,7.66282,-3.18161],"tool":false,"touchDistance":0.0818221,"touchZone":"hovering"}],"r":[[0.512523,0.858081,0.0319055],[-0.443823,0.296533,-0.84563],[-0.735079,0.419244,0.532816]],"s":-10.1985,"t":[521.191,-1351.77,-1014.09],"timestamp":33382428398},"_rotation":[0.512523,0.858081,0.0319055,-0.443823,0.296533,-0.84563,-0.735079,0.419244,0.532816]}
{"data":{"currentFrameRate":115.068,"gestures":[],"hands":[{"direction":[-0.0422048,0.256945,-0.965504],"id":62,"palmNormal":[-0.0403896,-0.966014,-0.255315],"palmPosition":[3.84448,167.843,58.8374],"palmVelocity":[1.69129,-2.22602,3.02509],"r":[[0.961511,0.0662456,0.266663],[-0.0428059,0.994766,-0.0927783],[-0.271413,0.0777926,0.959314]],"s":1.48636,"sphereCenter":[-7.12833,94.106,6.18694],"sphereRadius":97.3911,"stabilizedPalmPosition":[6.29263,165.86,56.5506],"t":[-123.135,24.6191,-60.7047],"timeVisible":4.55288}],"id":12694,"interactionBox":{"center":[0,200,0],"size":[221.418,221.418,154.742]},"pointables":[{"direction":[-0.169024,-0.0962162,-0.980904],"handId":62,"id":16,"length":77.1006,"stabilizedTipPosition":[-11.5707,181.69,-46.3895],"timeVisible":4.63972,"tipPosition":[-15.3535,183.438,-43.7961],"tipVelocity":[0.755638,-7.40329,5.38148],"tool":false,"touchDistance":0.0632546,"touchZone":"hovering"},{"direction":[-0.0148242,-0.0518445,-0.998545],"handId":62,"id":30,"length":66.7311,"stabilizedTipPosition":[26.7549,176.443,-37.058],"timeVisible":4.63104,"tipPosition":[23.137,177.907,-34.1052],"tipVelocity":[-0.462524,-10.1751,10.7914],"tool":false,"touchDistance":0.0484925,"touchZone":"hovering"},{"direction":[-0.167717,-0.148238,-0.974626],"handId":62,"id":31,"length":66.7855,"stabilizedTipPosition":[-32.7571,177.876,-36.2484],"timeVisible":4.50096,"tipPosition":[-36.0518,179,-33.1066],"tipVelocity":[-0.390109,-2.3101,2.03812],"tool":false,"touchDistance":0.180903,"touchZone":"hovering"},{"direction":[-0.486014,0.130527,-0.864149],"handId":62,"id":84,"length":49.8041,"stabilizedTipPosition":[-64.02,174.88,-2.28778],"timeVisible":4.50096,"tipPosition":[-68.1654,177.868,0.993834],"tipVelocity":[3.13081,-6.19183,5.69425],"tool":false,"touchDistance":0.197701,"touchZone":"hovering"},{"direction":[0.672083,0.275233,-0.687424],"handId":62,"id":40,"length":39.1485,"stabilizedTipPosition":[86.7414,165.382,46.727],"timeVisible":4.6049,"tipPosition":[85.0749,166.33,47.7332],"tipVelocity":[-1.12016,-8.01068,-1.9692],"tool":false,"touchDistance":0.0815031,"touchZone":"hovering"}],"r":[[0.512354,0.858183,0.0318693],[-0.443834,0.296384,-0.845676],[-0.73519,0.419141,0.532744]],"s":-10.1988,"t":[521.195,-1351.86,-1014.06],"timestamp":33382437161},"_rotation":[0.512354,0.858183,0.0318693,-0.443834,0.296384,-0.845676,-0.73519,0.419141,0.532744]}
{"data":{"currentFrameRate":115.894,"gestures":[],"hands":[{"direction":[-0.0422465,0.256852,-0.965527],"id":62,"palmNormal":[-0.0409796,-0.966022,-0.25519],"palmPosition":[3.86698,167.8,58.8494],"palmVelocity":[2.6519,-5.09073,1.41692],"r":[[0.961596,0.0659963,0.266416],[-0.0426647,0.994804,-0.0924391],[-0.271132,0.0775226,0.959415]],"s":1.48662,"sphereCenter":[-7.05304,93.8458,6.22004],"sphereRadius":97.6174,"stabilizedPalmPosition":[6.28728,165.864,56.5556],"t":[-123.108,24.5646,-60.6864],"timeVisible":4.56136}],"id":12695,"interactionBox":{"center":[0,200,0],"size":[221.418,221.418,154.742]},"pointables":[{"direction":[-0.169038,-0.09703,-0.980822],"handId":62,"id":16,"length":77.0996,"stabilizedTipPosition":[-11.5745,181.692,-46.387],"timeVisible":4.64821,"tipPosition":[-15.343,183.3,-43.8291],"tipVelocity":[0.834294,-14.7131,-3.53408],"tool":false,"touchDistance":0.0627048,"touchZone":"hovering"},{"direction":[-0.0148784,-0.0513974,-0.998567],"handId":62,"id":30,"length":66.7215,"stabilizedTipPosition":[26.7532,176.443,-37.0567],"timeVisible":4.63953,"tipPosition":[23.164,177.84,-34.1931],"tipVelocity":[2.74839,-7.05046,-9.62175],"tool":false,"touchDistance":0.0470279,"touchZone":"hovering"},{"direction":[-0.167805,-0.148247,-0.97461],"handId":62,"id":31,"length":66.7866,"stabilizedTipPosition":[-32.7604,177.878,-36.2453],"timeVisible":4.50945,"tipPosition":[-36.0312,178.892,-33.09],"tipVelocity":[1.97024,-11.5683,1.93344],"tool":false,"touchDistance":0.181179,"touchZone":"hovering"},{"direction":[-0.486089,0.129628,-0.864242],"handId":62,"id":84,"length":49.8707,"stabilizedTipPosition":[-64.0233,174.883,-2.28504],"timeVisible":4.50945,"tipPosition":[-68.1137,177.821,1.06992],"tipVelocity":[5.18434,-4.89105,8.28861],"tool":false,"touchDistance":0.198969,"touchZone":"hovering"},{"direction":[0.671852,0.274736,-0.687848],"handId":62,"id":40,"length":39.1237,"stabilizedTipPosition":[86.733,165.387,46.7327],"timeVisible":4.61338,"tipPosition":[85.0228,166.361,47.8844],"tipVelocity":[-5.55962,3.70312,16.2691],"tool":false,"touchDistance":0.0840238,"touchZone":"hovering"}],"r":[[0.512661,0.857998,0.0319135],[-0.44393,0.296701,-0.845514],[-0.734918,0.419295,0.532998]],"s":-10.1986,"t":[521.222,-1351.91,-1014.05],"timestamp":33382445645},"_rotation":[0.512661,0.857998,0.0319135,-0.44393,0.296701,-0.845514,-0.734918,0.419295,0.532998]}
{"data":{"currentFrameRate":114.409,"gestures":[],"hands":[{"direction":[-0.0422831,0.256253,-0.965685],"id":62,"palmNormal":[-0.0414444,-0.966167,-0.254566],"palmPosition":[3.88938,167.732,58.8694],"palmVelocity":[2.48814,-7.52438,2.22577],"r":[[0.961666,0.0658666,0.266197],[-0.042569,0.994815,-0.0923672],[-0.270901,0.0774946,0.959483]],"s":1.48685,"sphereCenter":[-7.0786,93.6886,6.2286],"sphereRadius":97.7244,"stabilizedPalmPosition":[6.28163,165.869,56.5611],"t":[-123.064,24.4838,-60.6782],"timeVisible":4.57036}],"id":12696,"interactionBox":{"center":[0,200,0],"size":[221.418,221.418,154.742]},"pointables":[{"direction":[-0.169038,-0.0973141,-0.980794],"handId":62,"id":16,"length":77.0653,"stabilizedTipPosition":[-11.5784,181.693,-46.3843],"timeVisible":4.65721,"tipPosition":[-15.3123,183.172,-43.8416],"tipVelocity":[3.03094,-13.6729,-1.4274],"tool":false,"touchDistance":0.0624964,"touchZone":"hovering"},{"direction":[-0.0150041,-0.0514172,-0.998565],"handId":62,"id":30,"length":66.7182,"stabilizedTipPosition":[26.7514,176.444,-37.0552],"timeVisible":4.64853,"tipPosition":[23.2005,177.777,-34.1787],"tipVelocity":[3.74352,-6.63126,1.15837],"tool":false,"touchDistance":0.0472686,"touchZone":"hovering"},{"direction":[-0.167874,-0.14812,-0.974617],"handId":62,"id":31,"length":66.7881,"stabilizedTipPosition":[-32.7638,177.879,-36.2419],"timeVisible":4.51845,"tipPosition":[-36.001,178.83,-33.0869],"tipVelocity":[2.97507,-6.63823,0.462586],"tool":false,"touchDistance":0.181231,"touchZone":"hovering"},{"direction":[-0.486104,0.129118,-0.86431],"handId":62,"id":84,"length":49.9366,"stabilizedTipPosition":[-64.0269,174.885,-2.28203],"timeVisible":4.51845,"tipPosition":[-68.0527,177.683,1.08464],"tipVelocity":[6.11811,-14.0567,1.81452],"tool":false,"touchDistance":0.199215,"touchZone":"hovering"},{"direction":[0.671422,0.273176,-0.688888],"handId":62,"id":40,"length":39.0958,"stabilizedTipPosition":[86.7243,165.392,46.7392],"timeVisible":4.62238,"tipPosition":[85.0519,166.281,47.9903],"tipVelocity":[2.67474,-7.51546,11.4233],"tool":false,"touchDistance":0.0857894,"touchZone":"hovering"}],"r":[[0.512885,0.857865,0.0318809],[-0.443905,0.296815,-0.845488],[-0.734777,0.419486,0.533042]],"s":-10.1983,"t":[521.266,-1351.99,-1014.04],"timestamp":33382454647},"_rotation":[0.512885,0.857865,0.0318809,-0.443905,0.296815,-0.845488,-0.734777,0.419486,0.533042]}
{"data":{"currentFrameRate":115.855,"gestures":[],"hands":[{"direction":[-0.0424003,0.256161,-0.965704],"id":62,"palmNormal":[-0.0408501,-0.966209,-0.254501],"palmPosition":[3.92756,167.663,58.8755],"palmVelocity":[4.55785,-8.35275,0.726254],"r":[[0.961676,0.0658264,0.266171],[-0.0425431,0.99482,-0.0923197],[-0.270869,0.0774579,0.959495]],"s":1.48716,"sphereCenter":[-7.11077,93.8112,6.2452],"sphereRadius":97.5905,"stabilizedPalmPosition":[6.27633,165.873,56.5663],"t":[-123.015,24.5011,-60.7264],"timeVisible":4.57874}],"id":12697,"interactionBox":{"center":[0,200,0],"size":[221.418,221.418,154.742]},"pointables":[{"direction":[-0.169061,-0.0968758,-0.980833],"handId":62,"id":16,"length":77.051,"stabilizedTipPosition":[-11.5819,181.695,-46.3819],"timeVisible":4.66559,"tipPosition":[-15.2832,183.219,-43.8567],"tipVelocity":[2.87437,5.48362,-1.5519],"tool":false,"touchDistance":0.0622454,"touchZone":"hovering"},{"direction":[-0.0148183,-0.0509932,-0.998589],"handId":62,"id":30,"length":66.7126,"stabilizedTipPosition":[26.7497,176.445,-37.0538],"timeVisible":4.65691,"tipPosition":[23.2502,177.674,-34.215],"tipVelocity":[5.19358,-11.2419,-4.16337],"tool":false,"touchDistance":0.0466623,"touchZone":"hovering"},{"direction":[-0.167852,-0.148188,-0.974611],"handId":62,"id":31,"length":66.7914,"stabilizedTipPosition":[-32.767,177.879,-36.2388],"timeVisible":4.52683,"tipPosition":[-35.9595,178.772,-33.0781],"tipVelocity":[4.21239,-6.28126,1.20874],"tool":false,"touchDistance":0.181378,"touchZone":"hovering"},{"direction":[-0.485707,0.128517,-0.864622],"handId":62,"id":84,"length":50.0351,"stabilizedTipPosition":[-64.0304,174.887,-2.27936],"timeVisible":4.52683,"tipPosition":[-68.1368,177.661,0.91005],"tipVelocity":[-9.52008,-2.11884,-18.7964],"tool":false,"touchDistance":0.196305,"touchZone":"hovering"},{"direction":[0.671685,0.274921,-0.687937],"handId":62,"id":40,"length":39.112,"stabilizedTipPosition":[86.7168,165.396,46.745],"timeVisible":4.63076,"tipPosition":[85.1842,166.263,47.939],"tipVelocity":[13.7964,-1.28643,-5.26238],"tool":false,"touchDistance":0.0849343,"touchZone":"hovering"}],"r":[[0.512925,0.857841,0.0318963],[-0.443914,0.296864,-0.845466],[-0.734744,0.419501,0.533076]],"s":-10.198,"t":[521.315,-1351.98,-1014.09],"timestamp":33382463024},"_rotation":[0.512925,0.857841,0.0318963,-0.443914,0.296864,-0.845466,-0.734744,0.419501,0.533076]}
{"data":{"currentFrameRate":115.3,"gestures":[],"hands":[{"direction":[-0.0424284,0.256007,-0.965743],"id":62,"palmNormal":[-0.041341,-0.966236,-0.254322],"palmPosition":[3.96274,167.6,58.8532],"palmVelocity":[4.01084,-7.18365,-2.54036],"r":[[0.96164,0.065995,0.266259],[-0.0427248,0.994817,-0.0922679],[-0.270968,0.0773526,0.959475]],"s":1.487,"sphereCenter":[-7.16175,93.8489,6.2795],"sphereRadius":97.5271,"stabilizedPalmPosition":[6.27077,165.877,56.5718],"t":[-122.972,24.3633,-60.7631],"timeVisible":4.58751}],"id":12698,"interactionBox":{"center":[0,200,0],"size":[221.418,221.418,154.742]},"pointables":[{"direction":[-0.168951,-0.0976611,-0.980774],"handId":62,"id":16,"length":77.0336,"stabilizedTipPosition":[-11.5856,181.696,-46.3795],"timeVisible":4.67436,"tipPosition":[-15.2532,183.048,-43.9958],"tipVelocity":[3.10294,-17.4958,-14.6447],"tool":false,"touchDistance":0.0599269,"touchZone":"hovering"},{"direction":[-0.0147687,-0.0514257,-0.998568],"handId":62,"id":30,"length":66.6932,"stabilizedTipPosition":[26.7478,176.445,-37.0522],"timeVisible":4.66568,"tipPosition":[23.2963,177.472,-34.1675],"tipVelocity":[4.84768,-21.51,4.85289],"tool":false,"touchDistance":0.0474546,"touchZone":"hovering"},{"direction":[-0.167818,-0.148485,-0.974571],"handId":62,"id":31,"length":66.788,"stabilizedTipPosition":[-32.7703,177.88,-36.2355],"timeVisible":4.5356,"tipPosition":[-35.899,178.674,-33.0829],"tipVelocity":[6.22629,-10.361,-0.324695],"tool":false,"touchDistance":0.181297,"touchZone":"hovering"},{"direction":[-0.485694,0.129108,-0.864542],"handId":62,"id":84,"length":50.1173,"stabilizedTipPosition":[-64.0339,174.89,-2.27665],"timeVisible":4.5356,"tipPosition":[-68.1242,177.618,0.832788],"tipVelocity":[0.68341,-4.29184,-8.73466],"tool":false,"touchDistance":0.195017,"touchZone":"hovering"},{"direction":[0.672029,0.276882,-0.686814],"handId":62,"id":40,"length":39.1324,"stabilizedTipPosition":[86.7093,165.4,46.7504],"timeVisible":4.63953,"tipPosition":[85.2398,166.155,47.8157],"tipVelocity":[5.84733,-10.6819,-12.6684],"tool":false,"touchDistance":0.0828781,"touchZone":"hovering"}],"r":[[0.512774,0.857934,0.0318172],[-0.444069,0.296767,-0.845418],[-0.734755,0.41938,0.533156]],"s":-10.1982,"t":[521.358,-1352.11,-1014.12],"timestamp":33382471794},"_rotation":[0.512774,0.857934,0.0318172,-0.444069,0.296767,-0.845418,-0.734755,0.41938,0.533156]}
{"data":{"currentFrameRate":115.216,"gestures":[],"hands":[{"direction":[-0.0424182,0.255388,-0.965908],"id":62,"palmNormal":[-0.0418626,-0.966383,-0.253675],"palmPosition":[4.0056,167.525,58.8352],"palmVelocity":[4.92983,-8.53205,-2.07136],"r":[[0.961569,0.0661379,0.26648],[-0.042809,0.994799,-0.0924276],[-0.271207,0.0774677,0.959399]],"s":1.48678,"sphereCenter":[-7.17605,93.7136,6.28668],"sphereRadius":97.6105,"stabilizedPalmPosition":[6.26521,165.881,56.5773],"t":[-122.898,24.2848,-60.8044],"timeVisible":4.5962}],"id":12699,"interactionBox":{"center":[0,200,0],"size":[221.418,221.418,154.742]},"pointables":[{"direction":[-0.168898,-0.0974972,-0.9808],"handId":62,"id":16,"length":77.0378,"stabilizedTipPosition":[-11.5891,181.697,-46.3771],"timeVisible":4.68305,"tipPosition":[-15.1694,182.99,-43.9352],"tipVelocity":[8.7838,-5.88899,6.47688],"tool":false,"touchDistance":0.0609363,"touchZone":"hovering"},{"direction":[-0.0145717,-0.0513754,-0.998573],"handId":62,"id":30,"length":66.6935,"stabilizedTipPosition":[26.7457,176.446,-37.0505],"timeVisible":4.67437,"tipPosition":[23.3639,177.447,-34.2573],"tipVelocity":[7.10417,-2.67207,-9.69002],"tool":false,"touchDistance":0.0459585,"touchZone":"hovering"},{"direction":[-0.167625,-0.148988,-0.974528],"handId":62,"id":31,"length":66.7868,"stabilizedTipPosition":[-32.7737,177.881,-36.232],"timeVisible":4.54429,"tipPosition":[-35.8412,178.606,-33.1082],"tipVelocity":[5.99882,-7.29039,-2.51558],"tool":false,"touchDistance":0.180875,"touchZone":"hovering"},{"direction":[-0.485552,0.12943,-0.864573],"handId":62,"id":84,"length":50.198,"stabilizedTipPosition":[-64.0374,174.892,-2.27404],"timeVisible":4.54429,"tipPosition":[-68.0781,177.55,0.784709],"tipVelocity":[4.355,-7.09452,-5.51088],"tool":false,"touchDistance":0.194216,"touchZone":"hovering"},{"direction":[0.67238,0.278371,-0.685868],"handId":62,"id":40,"length":39.1138,"stabilizedTipPosition":[86.7023,165.403,46.7553],"timeVisible":4.64823,"tipPosition":[85.3177,166.034,47.713],"tipVelocity":[8.10183,-12.097,-10.5135],"tool":false,"touchDistance":0.0811671,"touchZone":"hovering"}],"r":[[0.512541,0.858072,0.0318407],[-0.444036,0.296604,-0.845493],[-0.734938,0.419211,0.533037]],"s":-10.1984,"t":[521.432,-1352.19,-1014.16],"timestamp":33382480488},"_rotation":[0.512541,0.858072,0.0318407,-0.444036,0.296604,-0.845493,-0.734938,0.419211,0.533037]}
{"data":{"currentFrameRate":115.405,"gestures":[],"hands":[{"direction":[-0.0425018,0.255613,-0.965844],"id":62,"palmNormal":[-0.041453,-0.966337,-0.253919],"palmPosition":[4.05439,167.483,58.8183],"palmVelocity":[5.65192,-4.87434,-1.9605],"r":[[0.961587,0.0665008,0.266322],[-0.0431209,0.99476,-0.0926991],[-0.271091,0.0776542,0.959416]],"s":1.48695,"sphereCenter":[-7.1592,93.8909,6.31205],"sphereRadius":97.4312,"stabilizedPalmPosition":[6.25968,165.885,56.583],"t":[-122.845,24.2391,-60.7635],"timeVisible":4.60483}],"id":12700,"interactionBox":{"center":[0,200,0],"size":[221.418,221.418,154.742]},"pointables":[{"direction":[-0.168776,-0.0975159,-0.980819],"handId":62,"id":16,"length":77.0183,"stabilizedTipPosition":[-11.5926,181.699,-46.3747],"timeVisible":4.69168,"tipPosition":[-15.1086,182.938,-43.9858],"tipVelocity":[6.29841,-5.36366,-5.35476],"tool":false,"touchDistance":0.0600935,"touchZone":"hovering"},{"direction":[-0.0144335,-0.0519415,-0.998546],"handId":62,"id":30,"length":66.6836,"stabilizedTipPosition":[26.7436,176.446,-37.0487],"timeVisible":4.683,"tipPosition":[23.4185,177.426,-34.2604],"tipVelocity":[5.7407,-2.21056,-0.294304],"tool":false,"touchDistance":0.0459064,"touchZone":"hovering"},{"direction":[-0.167645,-0.14841,-0.974612],"handId":62,"id":31,"length":66.7752,"stabilizedTipPosition":[-32.7772,177.882,-36.2283],"timeVisible":4.55292,"tipPosition":[-35.7852,178.587,-33.12],"tipVelocity":[5.86978,-2.12843,-1.08113],"tool":false,"touchDistance":0.18068,"touchZone":"hovering"},{"direction":[-0.485216,0.128741,-0.864865],"handId":62,"id":84,"length":50.2762,"stabilizedTipPosition":[-64.0406,174.894,-2.27147],"timeVisible":4.55292,"tipPosition":[-68.0038,177.526,0.83535],"tipVelocity":[7.46665,-2.55325,4.99056],"tool":false,"touchDistance":0.19506,"touchZone":"hovering"},{"direction":[0.671993,0.277354,-0.686659],"handId":62,"id":40,"length":39.091,"stabilizedTipPosition":[86.6955,165.405,46.7603],"timeVisible":4.65686,"tipPosition":[85.3296,165.877,47.7632],"tipVelocity":[1.22325,-16.1677,5.39948],"tool":false,"touchDistance":0.0820044,"touchZone":"hovering"}],"r":[[0.512469,0.85813,0.0314553],[-0.444096,0.296207,-0.8456],[-0.734952,0.419374,0.532889]],"s":-10.1982,"t":[521.485,-1352.24,-1014.12],"timestamp":33382489120},"_rotation":[0.512469,0.85813,0.0314553,-0.444096,0.296207,-0.8456,-0.734952,0.419374,0.532889]}
{"data":{"currentFrameRate":108.611,"gestures":[],"hands":[{"direction":[-0.0424662,0.255632,-0.965841],"id":62,"palmNormal":[-0.0419785,-0.966316,-0.253912],"palmPosition":[4.08274,167.452,58.8553],"palmVelocity":[2.70741,-2.94152,3.53078],"r":[[0.961584,0.0666204,0.266306],[-0.0432156,0.994746,-0.0928067],[-0.271089,0.0777329,0.95941]],"s":1.48686,"sphereCenter":[-7.16646,93.7874,6.34176],"sphereRadius":97.4954,"stabilizedPalmPosition":[6.25293,165.89,56.59],"t":[-122.788,24.2556,-60.7581],"timeVisible":4.61531}],"id":12701,"interactionBox":{"center":[0,200,0],"size":[221.418,221.418,154.742]},"pointables":[{"direction":[-0.168687,-0.0972621,-0.980859],"handId":62,"id":16,"length":77.0243,"stabilizedTipPosition":[-11.5969,181.7,-46.3717],"timeVisible":4.70215,"tipPosition":[-15.0367,182.959,-43.8857],"tipVelocity":[6.84214,1.42998,8.02294],"tool":false,"touchDistance":0.0617612,"touchZone":"hovering"},{"direction":[-0.0143329,-0.0524328,-0.998522],"handId":62,"id":30,"length":66.6906,"stabilizedTipPosition":[26.7409,176.447,-37.0465],"timeVisible":4.69347,"tipPosition":[23.4664,177.445,-34.3384],"tipVelocity":[4.8955,1.4943,-6.90972],"tool":false,"touchDistance":0.0446068,"touchZone":"hovering"},{"direction":[-0.167473,-0.148957,-0.974559],"handId":62,"id":31,"length":66.771,"stabilizedTipPosition":[-32.7819,177.883,-36.2233],"timeVisible":4.5634,"tipPosition":[-35.7116,178.482,-33.0879],"tipVelocity":[7.02216,-9.2613,2.66537],"tool":false,"touchDistance":0.181214,"touchZone":"hovering"},{"direction":[-0.485293,0.12948,-0.864711],"handId":62,"id":84,"length":50.3512,"stabilizedTipPosition":[-64.0445,174.897,-2.2684],"timeVisible":4.5634,"tipPosition":[-67.9608,177.529,0.854086],"tipVelocity":[4.31755,-0.00331884,1.88161],"tool":false,"touchDistance":0.195372,"touchZone":"hovering"},{"direction":[0.672202,0.27795,-0.686213],"handId":62,"id":40,"length":39.089,"stabilizedTipPosition":[86.6873,165.408,46.7666],"timeVisible":4.66733,"tipPosition":[85.3577,165.815,47.7906],"tipVelocity":[2.5669,-7.05815,2.99079],"tool":false,"touchDistance":0.0824608,"touchZone":"hovering"}],"r":[[0.512419,0.858163,0.0313505],[-0.4441,0.29607,-0.845646],[-0.734984,0.419402,0.532822]],"s":-10.1983,"t":[521.542,-1352.22,-1014.12],"timestamp":33382499592},"_rotation":[0.512419,0.858163,0.0313505,-0.4441,0.29607,-0.845646,-0.734984,0.419402,0.532822]}
{"data":{"currentFrameRate":118.113,"gestures":[],"hands":[{"direction":[-0.0424205,0.255965,-0.965755],"id":62,"palmNormal":[-0.042488,-0.966213,-0.25422],"palmPosition":[4.09359,167.453,58.8266],"palmVelocity":[1.61112,0.151972,-4.26346],"r":[[0.961554,0.066771,0.266374],[-0.0433211,0.994727,-0.0929641],[-0.271177,0.0778504,0.959376]],"s":1.48676,"sphereCenter":[-7.1556,93.7738,6.34362],"sphereRadius":97.4982,"stabilizedPalmPosition":[6.24856,165.893,56.5945],"t":[-122.759,24.286,-60.7946],"timeVisible":4.62204}],"id":12702,"interactionBox":{"center":[0,200,0],"size":[221.418,221.418,154.742]},"pointables":[{"direction":[-0.168569,-0.0971872,-0.980887],"handId":62,"id":16,"length":77.0174,"stabilizedTipPosition":[-11.5997,181.701,-46.3696],"timeVisible":4.70889,"tipPosition":[-14.9959,183.029,-43.8906],"tipVelocity":[3.60912,8.26028,-3.82788],"tool":false,"touchDistance":0.0616806,"touchZone":"hovering"},{"direction":[-0.014338,-0.0535136,-0.998464],"handId":62,"id":30,"length":66.6841,"stabilizedTipPosition":[26.7392,176.448,-37.045],"timeVisible":4.70021,"tipPosition":[23.4959,177.45,-34.2547],"tipVelocity":[3.11141,-0.500383,14.0589],"tool":false,"touchDistance":0.0460005,"touchZone":"hovering"},{"direction":[-0.167209,-0.149609,-0.974504],"handId":62,"id":31,"length":66.7657,"stabilizedTipPosition":[-32.7853,177.884,-36.2196],"timeVisible":4.57013,"tipPosition":[-35.6732,178.511,-33.0852],"tipVelocity":[3.50979,6.39919,-0.140213],"tool":false,"touchDistance":0.18126,"touchZone":"hovering"},{"direction":[-0.485455,0.130189,-0.864514],"handId":62,"id":84,"length":50.3496,"stabilizedTipPosition":[-64.0469,174.899,-2.26646],"timeVisible":4.57013,"tipPosition":[-67.9063,177.538,0.835859],"tipVelocity":[6.13347,0.593909,-2.53886],"tool":false,"touchDistance":0.195068,"touchZone":"hovering"},{"direction":[0.67273,0.279745,-0.684965],"handId":62,"id":40,"length":39.0823,"stabilizedTipPosition":[86.6824,165.409,46.7705],"timeVisible":4.67407,"tipPosition":[85.4356,165.791,47.7578],"tipVelocity":[9.55726,-3.11092,-4.30243],"tool":false,"touchDistance":0.0819145,"touchZone":"hovering"}],"r":[[0.512292,0.858242,0.0312735],[-0.444083,0.295894,-0.845717],[-0.735083,0.419366,0.532715]],"s":-10.1984,"t":[521.571,-1352.19,-1014.15],"timestamp":33382506330},"_rotation":[0.512292,0.858242,0.0312735,-0.444083,0.295894,-0.845717,-0.735083,0.419366,0.532715]}
